43
78.0 87.0 0.13 2.0
4.0 0.99 67
4.5 0.9 118
5.0 0.84 178
5.5 0.81 248
6.0 0.81 330
6.5 0.81 426
7.0 0.81 539
7.5 0.81 666
8.0 0.81 811
8.5 0.79 971
9.0 0.76 1137
9.5 0.71 1300
10.0 0.66 1453
10.5 0.6 1584
11.0 0.54 1693
11.5 0.49 1762
12.0 0.43 1807
12.5 0.38 1834
13.0 0.34 1847
13.5 0.3 1850
14.0 0.27 1850
14.5 0.24 1850
15.0 0.21 1850
15.5 0.19 1850
16.0 0.17 1850
16.5 0.16 1850
17.0 0.14 1850
17.5 0.13 1850
18.0 0.12 1850
18.5 0.11 1850
19.0 0.1 1850
19.5 0.1 1850
20.0 0.09 1850
20.5 0.08 1850
21.0 0.08 1850
21.5 0.07 1850
22.0 0.07 1850
22.5 0.06 1850
23.0 0.06 1850
23.5 0.06 1850
24.0 0.05 1850
24.5 0.05 1850
25.0 0.05 1850
