43.427891 -95.404892 1
43.45079 -95.425491 1
43.450592 -95.420494 1
43.427891 -95.400291 1
43.482292 -95.52179 1
43.465393 -95.429291 1
43.478092 -95.475189 1
43.478191 -95.485291 1
43.465393 -95.433792 1
43.389091 -95.402489 1
43.478092 -95.47039 1
43.469692 -95.444489 1
43.418163 -95.40554 1
43.418392 -95.415894 1
43.450291 -95.409889 1
43.482292 -95.517189 1
43.40369 -95.390091 1
43.397491 -95.40329 1
43.482792 -95.495392 1
43.450394 -95.414696 1
43.389591 -95.397293 1
43.478092 -95.461494 1
43.478092 -95.465889 1
43.478092 -95.480888 1
43.409794 -95.413994 1
43.427094 -95.41169 1
43.450092 -95.404594 1
43.469692 -95.439789 1
43.482292 -95.51239 1
43.427094 -95.416695 1
43.43449 -95.445389 1
43.43679 -95.474892 1
43.419193 -95.482491 1
43.434994 -95.440392 1
43.434994 -95.430389 1
43.416691 -95.43129 1
43.440891 -95.465294 1
43.419193 -95.478989 1
43.43309 -95.450592 1
43.416893 -95.419693 1
43.453091 -95.482391 1
43.438793 -95.46949 1
43.427391 -95.471794 1
43.456993 -95.481094 1
43.423492 -95.47509 1
43.416794 -95.425491 1
43.449993 -95.488892 1
43.434849 -95.48101 1
43.446892 -95.496193 1
43.432293 -95.456696 1
43.387592 -95.338394 2
43.398891 -95.33709 2
43.379192 -95.252289 2
43.378193 -95.26059 2
43.398991 -95.277794 2
43.378094 -95.263992 2
43.369392 -95.303696 2
43.387592 -95.334595 2
43.378792 -95.256088 2
43.37709 -95.333488 2
43.390793 -95.266594 2
43.369293 -95.300293 2
43.395191 -95.258789 2
43.389793 -95.303589 2
43.37709 -95.320694 2
43.376793 -95.317093 2
43.390892 -95.263489 2
43.397591 -95.342392 2
43.379494 -95.291092 2
43.397091 -95.273392 2
43.397991 -95.270988 2
43.379292 -95.294792 2
43.377193 -95.324295 2
43.395592 -95.255493 2
43.389793 -95.29969 2
43.37899 -95.298393 2
43.375793 -95.339493 2
43.389893 -95.307091 2
43.377392 -95.343689 2
42.897919 -95.754272 3
42.871311 -95.708511 1
42.873135 -95.777725 1
42.847633 -95.851601 1
42.876453 -95.827545 3
42.861744 -95.787025 1
42.846813 -95.805862 1
42.824944 -95.74231 1
42.901272 -95.787468 1
42.828281 -95.765228 3
42.893787 -95.710098 1
42.854591 -95.757271 3
42.904366 -95.743256 1
42.861431 -95.83606 3
42.829231 -95.84655 3
42.886574 -95.827019 3
42.874577 -95.807053 3
42.904869 -95.772263 1
42.857212 -95.814148 1
42.885105 -95.749062 1
42.841694 -95.830284 1
42.886482 -95.791672 1
42.906837 -95.758003 3
42.830803 -95.753151 3
42.872242 -95.78669 1
42.870983 -95.713699 1
42.890331 -95.698509 1
42.842731 -95.824638 1
42.850151 -95.784363 1
42.872749 -95.769135 1
42.891159 -95.693878 1
42.900906 -95.792709 1
42.871021 -95.847214 3
42.885757 -95.729088 3
42.864414 -95.771759 1
42.893005 -95.714806 3
42.864681 -95.755264 1
42.864601 -95.762749 1
42.871212 -95.7444 1
42.861111 -95.748001 3
42.893799 -95.76474 1
42.849953 -95.79158 1
42.891094 -95.809334 1
42.862762 -95.777214 3
42.870548 -95.73304 1
42.853451 -95.845795 3
42.861679 -95.807693 1
42.847424 -95.767738 1
42.830193 -95.841484 3
42.863213 -95.831841 3
42.872543 -95.842361 1
42.835651 -95.727715 3
42.829243 -95.757515 3
42.903667 -95.776787 1
42.901054 -95.747971 1
42.850163 -95.762573 1
42.824783 -95.729179 1
42.871479 -95.797661 1
42.872803 -95.83625 3
42.886585 -95.735481 1
42.893719 -95.776764 3
42.874863 -95.812134 1
42.841911 -95.836761 1
42.870972 -95.749481 1
42.886513 -95.797684 1
42.859333 -95.792419 1
42.871361 -95.703659 1
42.825123 -95.723625 1
42.839893 -95.723709 3
42.871834 -95.791656 3
42.904743 -95.765587 1
42.863571 -95.80365 3
42.883507 -95.783783 3
42.857311 -95.842079 1
42.889034 -95.814949 3
42.883678 -95.708908 3
42.875587 -95.728043 3
42.885933 -95.755463 1
42.885513 -95.767143 1
42.839432 -95.772179 1
42.839752 -95.856285 1
42.900795 -95.797394 1
43.049824 -95.535255 4
43.057133 -95.542046 4
43.015774 -95.561539 4
43.050541 -95.61348 4
43.135384 -95.577744 4
43.095936 -95.567841 4
43.020813 -95.59153 4
43.038582 -95.579948 4
43.050774 -95.517288 4
43.024082 -95.647148 4
43.020744 -95.521973 4
43.094944 -95.532181 4
43.021774 -95.70047 4
43.091446 -95.591377 4
43.138943 -95.562332 4
43.035793 -95.656319 4
43.017262 -95.63662 4
43.031612 -95.699524 4
43.016834 -95.660385 4
43.050194 -95.637535 4
43.056313 -95.547119 4
43.074444 -95.532982 4
42.984692 -95.607269 4
43.093472 -95.581238 4
43.036884 -95.535873 4
43.036781 -95.531059 4
43.023811 -95.651283 4
43.033623 -95.56955 4
43.053513 -95.666504 4
43.049942 -95.539352 4
43.123672 -95.581635 4
43.122883 -95.537872 4
43.109543 -95.601624 4
43.087791 -95.561455 4
42.994213 -95.586708 4
43.103371 -95.51796 4
43.06562 -95.578133 4
43.062222 -95.651474 4
43.132133 -95.607132 4
43.088573 -95.542152 4
43.131599 -95.615395 4
43.017342 -95.69001 4
43.036652 -95.641411 4
43.109642 -95.541412 4
43.028713 -95.519974 4
43.007954 -95.577812 4
43.037151 -95.633163 4
43.139023 -95.557831 4
43.026863 -95.63755 4
43.036152 -95.660721 4
43.015694 -95.547462 4
43.045303 -95.561714 4
43.032623 -95.507568 4
43.045872 -95.659676 4
43.064774 -95.57206 4
43.049484 -95.581665 4
43.135582 -95.571869 4
43.079521 -95.581268 4
42.985714 -95.58609 4
43.060783 -95.601814 4
43.065842 -95.656761 4
43.147583 -95.556091 4
43.050301 -95.641594 4
42.998234 -95.537338 4
43.111851 -95.537865 4
43.080711 -95.656212 4
43.050713 -95.608444 4
43.050354 -95.6717 4
43.080433 -95.55262 4
43.001007 -95.557709 4
43.049454 -95.577126 4
43.094971 -95.527451 4
43.019844 -95.517464 4
43.024174 -95.569191 4
43.022572 -95.573318 4
43.019634 -95.587303 4
43.017864 -95.611984 4
43.045822 -95.598183 4
43.019741 -95.596809 4
42.999344 -95.553764 4
43.066792 -95.551323 4
43.032673 -95.55101 4
43.059822 -95.537819 4
43.030781 -95.673203 4
43.136642 -95.567375 4
43.078781 -95.661194 4
42.991272 -95.527061 4
43.031479 -95.555496 4
43.065563 -95.528954 4
43.066452 -95.559219 4
43.043663 -95.528122 4
43.119164 -95.557655 4
43.037132 -95.637611 4
43.037544 -95.587349 4
43.091145 -95.596802 4
43.002953 -95.548653 4
43.016823 -95.655624 4
43.031384 -95.69046 4
43.074192 -95.549339 4
43.045971 -95.655128 4
43.081821 -95.55793 4
43.124142 -95.53315 4
42.995472 -95.611649 4
43.038494 -95.629349 4
43.020153 -95.619843 4
43.015781 -95.532539 4
43.020081 -95.695259 4
43.123722 -95.577469 4
43.106934 -95.531471 4
43.045002 -95.552765 4
43.094601 -95.557114 4
42.984802 -95.611702 4
43.046062 -95.646294 4
43.110081 -95.6092 4
43.050472 -95.590179 4
43.079334 -95.572334 4
43.117924 -95.589272 4
43.015724 -95.556885 4
43.035511 -95.57312 4
43.146851 -95.572113 4
43.005142 -95.531441 4
43.123253 -95.60199 4
43.147682 -95.560242 4
43.045933 -95.650665 4
43.030972 -95.596642 4
43.067001 -95.532906 4
43.146881 -95.567986 4
43.037151 -95.60157 4
43.103401 -95.513145 4
42.994114 -95.590965 4
43.032063 -95.60746 4
43.071724 -95.650826 4
43.132992 -95.552673 4
43.049526 -95.572151 4
43.018261 -95.676331 4
43.029854 -95.667915 4
43.110104 -95.614059 4
43.096165 -95.561668 4
42.991322 -95.532555 4
43.020252 -95.615623 4
43.058201 -95.579834 4
43.122353 -95.551659 4
43.008102 -95.581749 4
43.050201 -95.676735 4
43.140072 -95.548805 4
43.093502 -95.577225 4
43.132374 -95.611259 4
43.026844 -95.641449 4
43.049461 -95.56768 4
43.152641 -95.55275 4
43.111061 -95.592552 4
43.035572 -95.591034 4
43.013901 -95.628334 4
43.035503 -95.57679 4
43.067074 -95.598389 4
43.104511 -95.597092 4
43.078354 -95.51722 4
43.015892 -95.551949 4
43.064613 -95.555939 4
43.018211 -95.672325 4
43.002823 -95.590836 4
43.152702 -95.547623 4
43.002762 -95.596008 4
42.987671 -95.619873 4
43.045052 -95.548676 4
43.077602 -95.592995 4
43.032661 -95.515221 4
43.09584 -95.572136 4
43.079674 -95.577393 4
43.079422 -95.568512 4
43.035461 -95.679771 4
43.000851 -95.561592 4
43.031502 -95.559853 4
43.035503 -95.675781 4
43.103424 -95.507919 4
43.109283 -95.63205 4
43.122162 -95.528885 4
43.031712 -95.695343 4
43.059601 -95.519524 4
42.994862 -95.59623 4
43.133102 -95.547821 4
43.106297 -95.578293 4
43.037094 -95.620155 4
43.050564 -95.594688 4
43.056374 -95.55143 4
43.061054 -95.562035 4
43.109371 -95.627998 4
43.036823 -95.518471 4
43.017372 -95.680389 4
42.987164 -95.615883 4
43.074364 -95.528259 4
43.119194 -95.562408 4
42.995651 -95.607704 4
43.115524 -95.554611 4
43.088661 -95.537918 4
43.065842 -95.661613 4
43.007103 -95.618271 4
43.017353 -95.685684 4
43.077492 -95.587761 4
43.035862 -95.540276 4
43.120251 -95.547691 4
43.032143 -95.612099 4
43.032623 -95.511292 4
43.071674 -95.63961 4
43.066654 -95.547279 4
43.026833 -95.632698 4
43.050571 -95.617981 4
43.133461 -95.600525 4
42.987293 -95.600975 4
43.018272 -95.667892 4
43.077763 -95.538925 4
42.304424 -95.509468 1
42.321426 -95.494385 1
42.263157 -95.441658 1
42.407177 -95.432861 5
42.34436 -95.37825 1
42.314171 -95.327156 1
42.259792 -95.449989 1
42.291481 -95.490395 1
42.316555 -95.352577 1
42.252502 -95.435333 1
42.402203 -95.412849 5
42.278042 -95.446121 1
42.320393 -95.505226 1
42.313725 -95.331116 1
42.266891 -95.42614 1
42.36031 -95.354889 1
42.291935 -95.354263 1
42.419094 -95.422539 5
42.30323 -95.359322 1
42.271183 -95.407921 1
42.310413 -95.367706 5
42.372597 -95.388908 1
42.293163 -95.407852 1
42.39003 -95.371292 1
42.360844 -95.393768 1
42.29092 -95.358925 1
42.427094 -95.441238 5
42.288948 -95.501045 1
42.301529 -95.490631 1
42.302139 -95.354988 1
42.300507 -95.494698 1
42.28986 -95.447548 1
42.292027 -95.41185 1
42.30357 -95.370125 1
42.27914 -95.40464 1
42.258774 -95.427826 1
42.390377 -95.393997 1
42.306988 -95.465546 1
42.316555 -95.356567 1
42.27916 -95.455368 1
42.430008 -95.433327 5
42.307274 -95.461555 1
42.280968 -95.373306 1
42.30241 -95.351517 1
42.263111 -95.492317 1
42.261036 -95.359673 1
42.402504 -95.455864 1
42.405174 -95.393646 5
42.302628 -95.528137 1
42.27076 -95.432526 1
42.307831 -95.505402 1
42.256538 -95.431572 1
42.260345 -95.345467 1
42.28751 -95.383675 1
42.372604 -95.384834 1
42.288769 -95.422592 1
42.360405 -95.364632 1
42.345688 -95.383446 1
42.289944 -95.442009 1
42.390049 -95.432693 1
42.259747 -95.398682 1
42.289532 -95.451752 1
42.307858 -95.484924 1
42.313839 -95.335091 1
42.267017 -95.485397 1
42.274494 -95.465355 1
42.345844 -95.373787 1
42.349682 -95.389778 1
42.405666 -95.397865 5
42.252541 -95.466782 1
42.393219 -95.39856 5
42.403263 -95.451973 1
42.291252 -95.456444 1
42.278996 -95.408272 1
42.303841 -95.365608 1
42.35775 -95.373421 1
42.390781 -95.376495 1
42.259594 -95.423462 1
42.302269 -95.513206 1
42.390652 -95.38942 1
42.256134 -95.453552 1
42.281391 -95.368927 1
42.270725 -95.436722 1
42.392834 -95.407539 1
42.278053 -95.441727 1
42.270519 -95.423088 1
42.25182 -95.472565 1
42.291534 -95.481636 1
42.291344 -95.485611 1
42.278477 -95.450676 1
42.290802 -95.368126 1
42.320602 -95.501358 1
42.250565 -95.476028 1
42.360477 -95.389771 1
42.294151 -95.325653 1
42.284782 -95.427322 1
42.321411 -95.378716 1
42.426685 -95.426414 5
42.289906 -95.494247 1
42.287704 -95.378487 1
42.266766 -95.519646 1
42.358555 -95.385475 1
42.270855 -95.403648 1
42.299873 -95.531425 1
42.291 -95.372192 1
42.316566 -95.348442 1
42.301693 -95.3293 5
42.392841 -95.403572 5
42.29443 -95.394325 1
42.30233 -95.520279 1
42.259415 -95.349083 1
42.267235 -95.509888 1
42.287266 -95.505196 1
42.26738 -95.514923 1
42.264339 -95.377403 1
42.264332 -95.355743 1
42.34586 -95.369537 1
42.316936 -95.344505 1
42.410267 -95.385803 5
42.307171 -95.456535 1
42.36021 -95.3591 1
42.383396 -95.397186 1
42.263199 -95.385284 1
42.292095 -95.415649 1
42.263077 -95.445877 1
42.293526 -95.40361 1
42.277004 -95.429352 1
42.411205 -95.389992 5
42.373661 -95.378838 1
42.29221 -95.335327 1
42.361111 -95.368736 1
42.259502 -95.393776 1
42.30331 -95.374779 1
42.35104 -95.396034 1
42.397644 -95.512054 1
42.459248 -95.433746 1
42.386692 -95.560928 1
42.380432 -95.52388 1
42.451172 -95.474243 1
42.360233 -95.591721 1
42.452621 -95.344543 1
42.352123 -95.577194 1
42.452991 -95.485275 1
42.409779 -95.58873 1
42.367451 -95.543076 1
42.444527 -95.414001 1
42.447693 -95.461212 1
42.471699 -95.406982 1
42.472832 -95.357536 1
42.377884 -95.531586 1
42.432167 -95.396927 1
42.445282 -95.336433 1
42.466412 -95.422592 1
42.426174 -95.466042 1
42.387684 -95.52047 1
42.358112 -95.529129 1
42.417381 -95.378525 1
42.403954 -95.494835 1
42.372963 -95.561958 1
42.404114 -95.485374 1
42.394474 -95.52449 1
42.405014 -95.56691 1
42.368851 -95.524849 1
42.380222 -95.549469 1
42.431713 -95.373703 1
42.350521 -95.560829 1
42.373524 -95.584999 1
42.409874 -95.510452 1
42.452271 -95.350693 1
42.402351 -95.547485 1
42.360512 -95.525803 1
42.411594 -95.491653 1
42.461903 -95.460724 1
42.390274 -95.550308 1
42.451672 -95.357956 1
42.442451 -95.465225 1
42.433567 -95.40435 1
42.374233 -95.54467 1
42.466415 -95.40332 1
42.411831 -95.521751 1
42.432037 -95.411697 1
42.368591 -95.5914 1
42.459618 -95.378464 1
42.368073 -95.530235 1
42.465973 -95.455795 1
42.46571 -95.354057 1
42.373611 -95.56913 1
42.409084 -95.339813 1
42.379051 -95.55806 1
42.424892 -95.474915 1
42.416103 -95.363609 1
42.388462 -95.568535 1
42.436497 -95.389763 1
42.418812 -95.358109 1
42.466904 -95.368233 1
42.416271 -95.557503 1
42.417362 -95.469955 1
42.345684 -95.582153 1
42.401821 -95.539764 1
42.447685 -95.37661 1
42.398342 -95.339859 1
42.459061 -95.426971 1
42.412113 -95.582802 1
42.44788 -95.433929 1
42.455563 -95.504768 1
42.409252 -95.473701 1
42.465752 -95.3731 1
42.352821 -95.570381 1
42.402103 -95.349693 1
42.360611 -95.56749 1
42.448643 -95.42469 1
42.404682 -95.367119 1
42.411964 -95.505959 1
42.459011 -95.495079 1
42.408543 -95.345673 1
42.467285 -95.27346 6
42.571888 -95.345078 6
42.572456 -95.331047 6
42.484562 -95.320877 6
42.535118 -95.318222 6
42.563465 -95.317513 6
42.549896 -95.314507 6
42.480404 -95.29303 6
42.58189 -95.353485 6
42.483288 -95.312645 2
42.480675 -95.296242 6
42.539238 -95.310562 6
42.573418 -95.336494 6
42.56797 -95.36367 6
42.523033 -95.280594 6
42.568943 -95.351723 6
42.582523 -95.361694 6
42.453094 -95.289291 6
42.444729 -95.276443 6
42.549904 -95.310547 6
42.522995 -95.275856 6
42.531654 -95.362076 6
42.582535 -95.37558 6
42.535461 -95.374817 6
42.486828 -95.274651 6
42.552132 -95.293266 6
42.58556 -95.303543 6
42.47731 -95.273674 6
42.444794 -95.281494 6
42.527008 -95.299538 6
42.570721 -95.315262 6
42.480404 -95.299332 6
42.571182 -95.319298 6
42.455994 -95.273994 6
42.572605 -95.341362 6
42.484863 -95.280479 6
42.450375 -95.309067 6
42.482109 -95.290398 6
42.53669 -95.300507 6
42.480469 -95.339241 6
42.477566 -95.302811 6
42.53009 -95.327171 6
42.551224 -95.303719 6
42.453194 -95.285393 6
42.480595 -95.34269 6
42.553188 -95.319344 6
42.451393 -95.319153 6
42.536324 -95.343819 6
42.445587 -95.27227 6
42.484756 -95.284073 6
42.527077 -95.336853 6
42.571186 -95.32708 6
42.551224 -95.30751 6
42.571148 -95.323135 6
42.485096 -95.333321 6
42.552128 -95.296921 6
42.452991 -95.296394 6
42.453094 -95.292793 6
42.455593 -95.279793 6
42.536694 -95.370392 6
42.539322 -95.271233 6
42.531399 -95.321617 6
42.527996 -95.330482 6
42.483913 -95.287163 6
42.449081 -95.304825 6
42.537052 -95.297592 6
42.487747 -95.272072 6
42.582214 -95.369705 6
42.477451 -95.280983 6
42.526661 -95.303444 6
42.572128 -95.307602 6
42.551792 -95.299911 6
42.456192 -95.277092 6
42.537773 -95.314194 6
42.568394 -95.36927 6
42.58202 -95.357475 6
42.531551 -95.35463 6
42.525677 -95.339973 6
42.52784 -95.333908 6
42.465195 -95.279388 6
42.536102 -95.379272 6
42.477787 -95.277641 6
42.586662 -95.300438 6
42.536247 -95.382782 6
42.464493 -95.282295 6
42.537693 -95.305389 6
42.453491 -95.300293 6
42.567402 -95.358963 6
42.466293 -95.276367 6
42.450546 -95.315018 6
42.480667 -95.346191 6
42.567974 -95.354668 6
42.538723 -95.275345 6
42.571178 -95.310616 6
42.538174 -95.293411 6
42.485203 -95.277573 6
42.522224 -95.283867 6
42.481586 -95.305885 6
42.572151 -95.302956 6
42.5266 -95.344345 6
42.531357 -95.357536 6
42.535191 -95.338882 6
42.483238 -95.316017 6
42.480556 -95.335945 6
42.538734 -95.281548 6
42.531124 -95.276947 6
42.552864 -95.322914 6
43.364891 -95.259293 7
43.364193 -95.236488 7
43.349194 -95.319191 7
43.335491 -95.271095 7
43.324291 -95.255394 7
43.361591 -95.31469 7
43.318291 -95.233292 7
43.334591 -95.303093 7
43.364594 -95.267395 7
43.331791 -95.323692 7
43.348392 -95.310989 7
43.355991 -95.237289 7
43.364491 -95.294495 7
43.349194 -95.299194 7
43.363792 -95.278694 7
43.36499 -95.255493 7
43.320091 -95.278191 7
43.350094 -95.28299 7
43.36499 -95.242592 7
43.333591 -95.287193 7
43.335793 -95.29409 7
43.33469 -95.263489 7
43.349194 -95.278992 7
43.349293 -95.29129 7
43.356091 -95.24559 7
43.349194 -95.29509 7
43.333691 -95.283195 7
43.350391 -95.260193 7
43.335491 -95.275093 7
43.335491 -95.298393 7
43.33469 -95.247688 7
43.361591 -95.307091 7
43.364594 -95.271492 7
43.324291 -95.259491 7
43.349293 -95.274994 7
43.349194 -95.323189 7
43.349991 -95.286995 7
43.317493 -95.243095 7
43.367592 -95.287094 7
43.356091 -95.241493 7
43.33469 -95.259491 7
43.349892 -95.303291 7
43.348892 -95.251991 7
43.348793 -95.255791 7
43.324192 -95.267494 7
43.318291 -95.237289 7
43.316994 -95.250694 7
43.348991 -95.306992 7
43.363293 -95.27449 7
43.349194 -95.315094 7
43.324192 -95.263489 7
43.333191 -95.314995 7
43.31739 -95.247093 7
43.33469 -95.251694 7
43.334591 -95.307091 7
43.33469 -95.267494 7
43.333092 -95.31089 7
43.32019 -95.274094 7
43.364693 -95.26339 7
43.361591 -95.310692 7
43.331791 -95.319595 7
42.173393 -95.411896 8
42.148693 -95.461594 8
42.177994 -95.443192 8
42.164394 -95.466995 8
42.162891 -95.474396 8
42.177395 -95.446693 8
42.192795 -95.436691 8
42.190193 -95.449692 8
42.148094 -95.48629 8
42.185993 -95.43499 8
42.148594 -95.48259 8
42.162292 -95.446289 8
42.165092 -95.463196 8
42.141792 -95.451988 8
42.188595 -95.45649 8
42.174294 -95.40699 8
42.156094 -95.484894 8
42.177994 -95.455994 8
42.177094 -95.484489 8
42.188793 -95.452888 8
42.173393 -95.415291 8
42.186592 -95.429092 8
42.172192 -95.49559 8
42.175995 -95.463989 8
42.178692 -95.432693 8
42.173294 -95.418694 8
42.157791 -95.451591 8
42.184895 -95.404388 8
42.187794 -95.418594 8
42.144993 -95.473793 8
42.187294 -95.424194 8
42.163593 -95.470695 8
42.193092 -95.43309 8
42.193295 -95.405396 8
42.162193 -95.487091 8
42.147491 -95.465591 8
42.173393 -95.492195 8
42.193394 -95.429489 8
42.176792 -95.403595 8
42.192291 -95.40889 8
42.194695 -95.413795 8
42.156792 -95.481094 8
42.147694 -95.48999 8
42.146393 -95.469589 8
42.178291 -95.480591 8
42.140594 -95.456696 8
42.190994 -95.445595 8
42.184593 -95.409096 8
42.176693 -95.435493 8
42.179691 -95.452095 8
43.19416 -95.53286 9
43.176205 -95.608192 9
43.213524 -95.712509 9
43.195572 -95.706306 4
43.2379 -95.582443 9
43.190521 -95.557594 9
43.224941 -95.556686 9
43.227757 -95.688255 4
43.176327 -95.617836 9
43.197807 -95.540718 9
43.202316 -95.55191 9
43.195141 -95.720016 9
43.176029 -95.577461 9
43.238808 -95.626526 9
43.215954 -95.5718 9
43.237591 -95.560936 9
43.190483 -95.553322 9
43.211712 -95.593307 9
43.202286 -95.547539 9
43.189682 -95.538246 9
43.153465 -95.611496 9
43.165958 -95.600662 9
43.169247 -95.548126 9
43.224983 -95.537888 9
43.191277 -95.696014 4
43.220146 -95.676155 4
43.195225 -95.715645 9
43.238007 -95.58741 9
43.230347 -95.580185 9
43.194126 -95.519226 9
43.162086 -95.562569 9
43.162113 -95.567314 9
43.224911 -95.529617 9
43.169338 -95.558189 9
43.220058 -95.582703 9
43.175835 -95.593254 9
43.240829 -95.617096 9
43.150593 -95.589699 9
43.226913 -95.569168 9
43.211662 -95.597801 9
43.220055 -95.680992 4
43.240677 -95.60733 9
43.224937 -95.552162 9
43.227718 -95.692535 4
43.189705 -95.542206 9
43.1693 -95.553093 9
43.194218 -95.73053 9
43.219215 -95.696564 4
43.233391 -95.532959 9
43.195274 -95.711212 9
43.153446 -95.607109 9
43.153454 -95.602081 9
43.191311 -95.700691 4
43.144035 -95.608665 9
43.222561 -95.589958 9
43.162045 -95.581795 9
43.222626 -95.593826 9
43.237614 -95.569214 9
43.162094 -95.572014 9
43.233334 -95.522911 9
43.162022 -95.586952 9
43.191288 -95.691216 4
43.202496 -95.690498 4
43.165985 -95.620308 9
43.234364 -95.59642 9
43.234447 -95.601311 9
43.215702 -95.551224 9
43.165981 -95.596169 9
43.21172 -95.602303 9
43.147903 -95.593773 9
43.235374 -95.591454 9
43.213516 -95.708641 9
43.144058 -95.613045 9
43.22496 -95.561226 9
43.162022 -95.591492 9
43.153484 -95.61586 9
43.176373 -95.567459 9
43.147881 -95.598137 9
43.238819 -95.630615 4
43.215881 -95.567589 9
43.175777 -95.588387 9
43.219231 -95.701157 4
43.212059 -95.541924 9
43.176071 -95.581512 9
43.233166 -95.514175 9
43.220001 -95.578636 9
43.197773 -95.536652 9
43.22496 -95.533752 9
43.19421 -95.725426 9
43.202465 -95.686012 4
43.19183 -95.572166 9
43.189495 -95.562172 9
43.227406 -95.607254 9
43.233353 -95.528587 9
43.237797 -95.578217 9
43.227467 -95.611313 9
43.175953 -95.572014 9
43.237709 -95.573586 9
43.151974 -95.620331 9
43.176266 -95.613068 9
43.233238 -95.518517 9
43.162064 -95.577408 9
43.165977 -95.615715 9
42.307076 -95.157234 1
42.266022 -95.18 1
42.292568 -95.171272 1
42.278355 -95.219208 1
42.307175 -95.218277 1
42.437523 -95.260475 1
42.280731 -95.241272 1
42.331944 -95.271873 1
42.405251 -95.27063 1
42.316269 -95.218071 1
42.379505 -95.251549 1
42.263817 -95.213081 1
42.300205 -95.152206 1
42.336365 -95.1744 1
42.291534 -95.251083 1
42.258869 -95.2201 1
42.343121 -95.251213 1
42.260017 -95.176231 1
42.331196 -95.163925 1
42.277092 -95.229065 1
42.423218 -95.248116 1
42.320591 -95.160622 1
42.414017 -95.277657 1
42.321808 -95.154297 1
42.275043 -95.249168 1
42.365208 -95.23127 1
42.266537 -95.231949 1
42.423351 -95.267395 1
42.305393 -95.209251 1
42.277386 -95.258179 1
42.314487 -95.210213 1
42.249928 -95.222626 1
42.237347 -95.184753 1
42.360821 -95.236847 1
42.285183 -95.254074 1
42.274101 -95.234619 1
42.276932 -95.174934 1
42.249722 -95.215439 1
42.374336 -95.238159 1
42.242451 -95.179825 1
42.230835 -95.213219 1
42.324039 -95.222633 1
42.43729 -95.267281 1
42.331169 -95.1548 1
42.380295 -95.270058 1
42.300121 -95.160347 1
42.242607 -95.219818 1
42.434479 -95.251282 1
42.284401 -95.26178 1
42.294529 -95.261131 1
42.228138 -95.217995 1
42.352528 -95.250702 1
42.438969 -95.238342 1
42.448254 -95.218208 1
42.392067 -95.231972 3
42.37257 -95.154503 1
42.398357 -95.135384 1
42.34573 -95.181358 1
42.372643 -95.163765 1
42.43877 -95.218346 1
42.450035 -95.202568 3
42.328571 -95.212051 3
42.405224 -95.102119 3
42.371521 -95.170929 1
42.433388 -95.222145 3
42.404957 -95.231201 3
42.408779 -95.134735 1
42.437492 -95.193619 1
42.424252 -95.174049 3
42.419147 -95.200134 3
42.431591 -95.189911 3
42.395237 -95.140144 1
42.364681 -95.164848 1
42.419838 -95.141228 1
42.395336 -95.104683 3
42.409096 -95.219238 1
42.446011 -95.209381 3
42.388477 -95.193825 1
42.372231 -95.193245 1
42.372162 -95.106247 3
42.343822 -95.218712 3
42.33791 -95.212784 3
42.404861 -95.182953 1
42.350479 -95.22908 3
42.379395 -95.21257 1
42.772793 -95.333595 10
42.654076 -95.380508 10
42.696411 -95.401489 10
42.696411 -95.399109 10
42.634541 -95.288277 10
42.696827 -95.39212 10
42.698059 -95.29837 10
42.767586 -95.314262 10
42.755783 -95.341057 10
42.63924 -95.294579 10
42.643158 -95.362778 10
42.721066 -95.310646 10
42.698032 -95.296249 10
42.643402 -95.287323 10
42.709492 -95.27549 10
42.770798 -95.307838 10
42.737034 -95.316689 10
42.653301 -95.378334 10
42.766705 -95.326775 10
42.730705 -95.321831 10
42.764824 -95.336319 10
42.643127 -95.356621 10
42.744862 -95.31707 10
42.716808 -95.298935 10
42.714394 -95.32579 10
42.716793 -95.294792 10
42.745502 -95.296989 10
42.745529 -95.303505 10
42.770775 -95.305649 10
42.643101 -95.360756 10
42.709492 -95.279289 10
42.705338 -95.306862 10
42.752785 -95.319328 10
42.716793 -95.29689 10
42.688892 -95.423889 10
42.744907 -95.29187 10
42.737694 -95.307693 10
42.699295 -95.310669 10
42.637299 -95.350166 10
42.699272 -95.312714 10
42.714394 -95.323692 10
42.653988 -95.357925 10
42.732819 -95.316643 10
42.703411 -95.313736 10
42.709572 -95.323303 10
42.696411 -95.394348 10
42.655087 -95.384727 10
42.709393 -95.27169 10
42.752739 -95.323425 10
42.761471 -95.318428 10
42.764847 -95.334297 10
42.737694 -95.301193 10
42.654343 -95.351479 10
42.653687 -95.355965 10
42.752792 -95.327591 10
42.684902 -95.378822 10
42.745529 -95.30558 10
42.756233 -95.343765 10
42.696709 -95.403839 10
42.716808 -95.305099 10
42.760876 -95.316116 10
42.653629 -95.353859 10
42.63921 -95.296631 10
42.706718 -95.303955 10
42.698009 -95.300392 10
42.709572 -95.319214 10
42.709492 -95.27739 10
42.634392 -95.282089 10
42.685139 -95.376625 10
42.709393 -95.27359 10
42.737007 -95.314644 10
42.737698 -95.303337 10
42.698032 -95.302437 10
42.772793 -95.335991 10
42.737652 -95.305481 10
42.744789 -95.310837 10
42.744839 -95.312904 10
42.766632 -95.324799 10
42.696411 -95.39679 10
42.643383 -95.283356 10
42.716831 -95.303055 10
42.654816 -95.38253 10
42.685791 -95.414192 10
42.757019 -95.346527 10
42.752808 -95.321426 10
42.64328 -95.274796 10
42.638103 -95.355194 10
42.732819 -95.314476 10
42.716782 -95.300957 10
42.764778 -95.33239 10
42.643394 -95.280891 10
42.716831 -95.307175 10
42.698059 -95.30648 10
42.63448 -95.286278 10
42.698009 -95.304527 10
42.728848 -95.310501 10
42.705933 -95.29734 10
42.770844 -95.303604 10
42.643291 -95.278595 10
42.767586 -95.318375 10
42.770844 -95.301552 10
42.752762 -95.32547 10
42.764801 -95.338249 10
42.736984 -95.3106 10
42.643391 -95.285393 10
42.709572 -95.321281 10
42.76725 -95.320518 10
42.770248 -95.297531 10
42.724136 -95.315025 10
42.728893 -95.31279 10
42.64307 -95.358643 10
42.68679 -95.421089 10
42.724731 -95.312523 10
42.709621 -95.325371 10
42.767536 -95.312119 10
42.705956 -95.29525 10
42.703388 -95.311882 10
42.74548 -95.307602 10
42.643311 -95.276749 10
42.732819 -95.3125 10
42.773193 -95.338196 10
42.63924 -95.292496 10
42.724777 -95.310501 10
42.653568 -95.376015 10
42.767593 -95.316292 10
42.755711 -95.336845 10
42.730679 -95.319214 10
42.643291 -95.272789 10
42.706718 -95.301743 10
42.643127 -95.364769 10
42.736984 -95.312622 10
42.70591 -95.293228 10
42.637833 -95.352669 10
42.706696 -95.299797 10
42.767227 -95.322662 10
42.773594 -95.34079 10
42.730679 -95.324371 10
42.75576 -95.334824 10
42.721092 -95.312668 10
42.745457 -95.294914 10
42.755733 -95.338959 10
42.643192 -95.366791 10
42.744862 -95.315094 10
42.685791 -95.381294 10
42.634418 -95.284172 10
42.745552 -95.29908 10
42.803688 -95.31311 10
42.824589 -95.319176 10
42.866592 -95.386795 10
42.848793 -95.396118 10
42.858791 -95.400391 10
42.83976 -95.310699 10
42.840801 -95.324203 10
42.840473 -95.318581 10
42.83979 -95.34359 10
42.803761 -95.310966 10
42.859501 -95.398308 10
42.848793 -95.391991 10
42.845093 -95.32489 10
42.834675 -95.324265 10
42.846184 -95.322388 10
42.843323 -95.373657 10
42.841656 -95.35186 10
42.872375 -95.364883 10
42.818092 -95.323296 10
42.879009 -95.362778 10
42.824711 -95.310463 10
42.872345 -95.371758 10
42.818092 -95.319191 10
42.824791 -95.317093 10
42.824589 -95.323257 10
42.796928 -95.318466 10
42.832352 -95.342644 10
42.839642 -95.341278 10
42.848698 -95.39402 10
42.860218 -95.395737 10
42.834465 -95.319595 10
42.851891 -95.36499 10
42.79681 -95.313705 10
42.832394 -95.344688 10
42.841694 -95.353989 10
42.832394 -95.340492 10
42.843227 -95.375847 10
42.843227 -95.377846 10
42.839195 -95.338837 10
42.834732 -95.326553 10
42.841038 -95.332237 10
42.824562 -95.325394 10
42.819691 -95.314293 10
42.834873 -95.321854 10
42.685791 -95.416595 10
42.843273 -95.371796 10
42.83979 -95.35009 10
42.848793 -95.398018 10
42.811386 -95.313347 10
42.866592 -95.384697 10
42.824593 -95.327393 10
42.879093 -95.360695 10
42.686291 -95.418793 10
42.872345 -95.369438 10
42.832294 -95.34687 10
42.879066 -95.364708 10
42.808052 -95.319359 10
42.808052 -95.317039 10
42.872375 -95.360779 10
42.685993 -95.411896 10
42.803692 -95.317291 10
42.84037 -95.391693 10
42.872375 -95.366882 10
42.859715 -95.393349 10
42.811386 -95.315369 10
42.843227 -95.369705 10
42.87899 -95.366791 10
42.866592 -95.380699 10
42.851891 -95.366989 10
42.840393 -95.314491 10
42.83979 -95.312782 10
42.8466 -95.319687 10
42.866306 -95.374603 10
42.79689 -95.316093 10
42.84037 -95.393784 10
42.840473 -95.316559 10
42.856693 -95.404793 10
42.872494 -95.358688 10
42.840393 -95.39579 10
42.824593 -95.321289 10
42.857742 -95.402443 10
42.817986 -95.321144 10
42.851925 -95.360878 10
42.840473 -95.336548 10
42.856075 -95.378464 10
42.841099 -95.325813 10
42.840652 -95.334259 10
42.80809 -95.314789 10
42.852791 -95.41069 10
42.866688 -95.378845 10
42.856075 -95.380554 10
42.866306 -95.372513 10
42.796928 -95.311264 10
42.85603 -95.382889 10
42.872391 -95.362793 10
42.841702 -95.358238 10
42.824738 -95.312813 10
42.84161 -95.356049 10
42.803688 -95.315178 10
42.866261 -95.376556 10
42.824711 -95.315102 10
42.876892 -95.372795 10
42.811386 -95.31115 10
42.852291 -95.413895 10
42.842079 -95.327507 10
42.842438 -95.330032 10
42.819592 -95.31662 10
42.866592 -95.382698 10
43.296131 -95.3507 1
43.280216 -95.261528 1
43.278927 -95.380562 1
43.275284 -95.365997 1
43.228722 -95.338394 1
43.258366 -95.341797 1
43.229599 -95.350464 1
43.125332 -95.350388 1
43.288738 -95.356186 1
43.210598 -95.357651 1
43.135864 -95.311707 1
43.300571 -95.376053 1
43.177864 -95.305267 1
43.254829 -95.267097 1
43.293026 -95.380409 1
43.189262 -95.29541 1
43.253666 -95.358772 1
43.274574 -95.316063 1
43.21059 -95.362411 1
43.177879 -95.322472 1
43.122066 -95.36377 1
43.231316 -95.365967 1
43.131996 -95.376015 1
43.199883 -95.345795 1
43.260868 -95.378685 1
43.196693 -95.365837 1
43.199883 -95.33416 1
43.218273 -95.344582 1
43.27552 -95.340919 1
43.210545 -95.351624 1
43.178288 -95.298233 1
43.094204 -95.281876 1
43.107605 -95.298691 1
43.202778 -95.365326 1
43.107307 -95.34491 1
43.199863 -95.340492 1
43.275261 -95.306595 1
43.229599 -95.355331 1
43.26403 -95.30072 1
43.190151 -95.301735 1
43.203506 -95.321884 1
43.279743 -95.246437 1
43.31876 -95.376297 1
43.175568 -95.311256 1
43.17802 -95.335403 1
43.272827 -95.38031 1
43.282356 -95.300888 1
43.266304 -95.276283 1
43.258774 -95.276665 1
43.101093 -95.282494 1
43.24559 -95.375778 1
43.131992 -95.380608 1
43.26577 -95.282555 1
43.293121 -95.38549 1
43.187737 -95.310974 1
43.190708 -95.365318 1
43.272522 -95.385948 1
43.264366 -95.325119 1
43.196167 -95.301208 1
43.236275 -95.375084 1
43.278786 -95.385918 1
43.193439 -95.31823 1
43.2169 -95.35537 1
43.301476 -95.370918 1
43.236488 -95.370529 1
43.137409 -95.374222 1
43.101452 -95.356155 1
43.246628 -95.350716 1
43.116261 -95.300636 1
43.252464 -95.33728 1
43.311577 -95.372192 1
43.190777 -95.360634 1
43.256882 -95.346336 1
43.203194 -95.361603 1
43.252632 -95.332832 1
43.253639 -95.364464 1
43.274872 -95.361565 1
43.104874 -95.350868 1
43.301449 -95.359261 1
43.302422 -95.384811 1
43.257957 -95.313156 1
43.199821 -95.353951 1
43.228832 -95.360405 1
43.261524 -95.319878 1
43.253693 -95.353958 1
43.107948 -95.305229 1
43.264172 -95.295929 1
43.275814 -95.302155 1
43.10709 -95.323288 1
43.266998 -95.383629 1
43.129017 -95.360001 1
43.252045 -95.341621 1
43.228752 -95.343033 1
43.21722 -95.331085 1
43.122581 -95.299736 1
43.20771 -95.33107 1
43.267208 -95.256065 1
43.260864 -95.383118 1
43.107315 -95.339622 1
43.129032 -95.365318 1
43.260529 -95.261459 1
43.107216 -95.333389 1
43.221527 -95.33625 1
43.318443 -95.384995 1
43.264206 -95.291489 1
43.276749 -95.251839 1
43.274193 -95.281708 1
43.243504 -95.360893 1
43.189724 -95.336121 1
43.125336 -95.354813 1
43.107571 -95.293694 1
43.26786 -95.317093 1
43.216915 -95.360367 1
43.172909 -95.315575 1
43.216942 -95.365242 1
43.264023 -95.306091 1
43.274334 -95.346046 1
42.125591 -95.112793 6
42.143192 -95.147392 6
42.121895 -95.198692 6
42.120293 -95.184593 6
42.110394 -95.176994 6
42.147095 -95.159592 6
42.146091 -95.048195 6
42.144485 -95.18045 6
42.111935 -95.058426 6
42.127495 -95.234192 6
42.146194 -95.166595 6
42.130592 -95.037292 6
42.119095 -95.180191 6
42.144093 -95.134689 6
42.145191 -95.150993 6
42.146194 -95.162491 6
42.103191 -95.041389 6
42.142895 -95.183289 6
42.148693 -95.055389 6
42.130638 -95.041161 6
42.158794 -95.117493 6
42.112392 -95.051292 6
42.163494 -95.124489 6
42.111591 -95.172089 6
42.142792 -95.141495 6
42.153194 -95.099594 6
42.131294 -95.125694 6
42.122093 -95.202293 6
42.103191 -95.044792 6
42.122192 -95.038589 6
42.111992 -95.061989 6
42.148666 -95.058983 6
42.145092 -95.154495 6
42.122776 -95.209183 6
42.125393 -95.217491 6
42.128593 -95.237793 6
42.130661 -95.044868 6
42.123493 -95.213394 6
42.155392 -95.107193 6
42.122528 -95.027672 6
42.158794 -95.113892 6
42.144993 -95.041092 6
42.147594 -95.062592 6
42.143791 -95.131691 6
42.122593 -95.031891 6
42.146091 -95.044594 6
42.144402 -95.128426 6
42.112392 -95.048195 6
42.144894 -95.138489 6
42.128193 -95.242294 6
42.145992 -95.035591 6
42.144993 -95.176994 6
42.163895 -95.12149 6
42.122292 -95.035294 6
42.103168 -95.037186 6
42.121693 -95.191193 6
42.126194 -95.221291 6
42.145092 -95.173492 6
42.131191 -95.122391 6
42.125992 -95.223991 6
42.122494 -95.205688 6
42.155293 -95.09639 6
42.128593 -95.117493 6
42.146088 -95.051369 6
42.112694 -95.054893 6
42.144894 -95.170395 6
