42.897919 -95.754272 3
42.871311 -95.708511 1
42.873135 -95.777725 1
42.847633 -95.851601 1
42.876453 -95.827545 3
42.861744 -95.787025 1
42.846813 -95.805862 1
42.824944 -95.74231 1
42.901272 -95.787468 1
42.828281 -95.765228 3
42.893787 -95.710098 1
42.854591 -95.757271 3
42.904366 -95.743256 1
42.861431 -95.83606 3
42.829231 -95.84655 3
42.886574 -95.827019 3
42.874577 -95.807053 3
42.904869 -95.772263 1
42.857212 -95.814148 1
42.885105 -95.749062 1
42.841694 -95.830284 1
42.886482 -95.791672 1
42.906837 -95.758003 3
42.830803 -95.753151 3
42.872242 -95.78669 1
42.870983 -95.713699 1
42.890331 -95.698509 1
42.842731 -95.824638 1
42.850151 -95.784363 1
42.872749 -95.769135 1
42.891159 -95.693878 1
42.900906 -95.792709 1
42.871021 -95.847214 3
42.885757 -95.729088 3
42.864414 -95.771759 1
42.893005 -95.714806 3
42.864681 -95.755264 1
42.864601 -95.762749 1
42.871212 -95.7444 1
42.861111 -95.748001 3
42.893799 -95.76474 1
42.849953 -95.79158 1
42.891094 -95.809334 1
42.862762 -95.777214 3
42.870548 -95.73304 1
42.853451 -95.845795 3
42.861679 -95.807693 1
42.847424 -95.767738 1
42.830193 -95.841484 3
42.863213 -95.831841 3
42.872543 -95.842361 1
42.835651 -95.727715 3
42.829243 -95.757515 3
42.903667 -95.776787 1
42.901054 -95.747971 1
42.850163 -95.762573 1
42.824783 -95.729179 1
42.871479 -95.797661 1
42.872803 -95.83625 3
42.886585 -95.735481 1
42.893719 -95.776764 3
42.874863 -95.812134 1
42.841911 -95.836761 1
42.870972 -95.749481 1
42.886513 -95.797684 1
42.859333 -95.792419 1
42.871361 -95.703659 1
42.825123 -95.723625 1
42.839893 -95.723709 3
42.871834 -95.791656 3
42.904743 -95.765587 1
42.863571 -95.80365 3
42.883507 -95.783783 3
42.857311 -95.842079 1
42.889034 -95.814949 3
42.883678 -95.708908 3
42.875587 -95.728043 3
42.885933 -95.755463 1
42.885513 -95.767143 1
42.839432 -95.772179 1
42.839752 -95.856285 1
42.900795 -95.797394 1
