50.10502574 -110.7275698 1
50.09995301 -110.7273527 1
50.09981469 -110.716296 1
49.871339 -110.371218 2
49.865215 -110.370562 2
49.865161 -110.406084 2
49.863224 -110.385846 2
49.859687 -110.372059 2
49.857891 -110.358392 2
49.854211 -110.353078 2
49.852408 -110.347479 2
49.846746 -110.348202 2
49.840514 -110.35858 2
49.831739 -110.363281 2
49.837944 -110.352006 2
49.861196 -110.430737 2
49.855839 -110.42728 2
49.853231 -110.438818 2
49.848619 -110.429337 2
49.842333 -110.407047 2
49.84927 -110.44814 2
49.847577 -110.439172 2
49.835052 -110.42118 2
49.82526 -110.373333 2
49.823994 -110.357521 2
49.832335 -110.351936 2
49.817827 -110.396224 3
49.817373 -110.385549 3
49.818961 -110.372423 2
49.871338 -110.4085 2
49.811751 -110.385561 3
49.813058 -110.373732 2
49.818421 -110.35917 2
49.861618 -110.415608 2
49.857999 -110.441041 2
49.806112 -110.385594 3
49.808596 -110.369075 2
49.811667 -110.358282 2
49.810557 -110.349156 2
49.80136 -110.382509 3
49.80302 -110.370585 3
49.802044 -110.36102 2
49.842379 -110.430262 2
49.841903 -110.440829 2
49.83069 -110.436917 2
49.833033 -110.44682 2
49.809029 -110.39538 2
49.794803 -110.391439 2
49.795208 -110.381693 2
49.794115 -110.373895 2
49.791334 -110.369039 2
49.828095 -110.612109 3
49.823576 -110.610741 3
49.820481 -110.605358 3
49.839122 -110.566363 3
49.832901 -110.562359 3
49.825187 -110.553711 3
49.819786 -110.550327 3
49.79864 -110.579023 3
49.806968 -110.534213 3
49.802742 -110.529973 3
49.799121 -110.52206 3
49.796843 -110.515135 3
49.794316 -110.506629 3
49.813137 -110.52056 3
49.80938 -110.514773 3
49.806832 -110.505529 3
49.788057 -110.494356 3
49.783538 -110.493431 3
49.774344 -110.49504 3
49.77064 -110.491538 3
49.76997 -110.482393 3
49.768573 -110.506321 3
49.763291 -110.497405 3
49.760981 -110.481433 3
49.76302 -110.507599 3
49.757923 -110.508401 3
49.751868 -110.485306 3
49.747867 -110.481448 3
49.741385 -110.488221 3
49.738461 -110.484144 3
49.803733 -110.635219 3
49.796866 -110.631241 3
49.792186 -110.572674 3
49.787234 -110.571189 3
49.758851 -110.494229 3
49.799512 -110.543108 3
49.810293 -110.540019 3
49.813521 -110.54912 3
49.816736 -110.531951 3
49.772774 -110.506417 3
