47
90.0 145.0 0.13 5.2
4.0 0.8438 241
4.5 0.829 383
5.0 0.8207 555
5.5 0.8183 762
6.0 0.8185 1009
6.5 0.8191 1300
7.0 0.8192 1638
7.5 0.8169 2026
8.0 0.8075 2462
8.5 0.7859 2935
9.0 0.7501 3424
9.5 0.702 3902
10.0 0.644 4333
10.5 0.5797 4686
11.0 0.5139 4943
11.5 0.451 5102
12.0 0.3943 5166
12.5 0.345 5185
13.0 0.3031 5193
13.5 0.2677 5196
14.0 0.2378 5198
14.5 0.2125 5199
15.0 0.1908 5200
15.5 0.1723 5200
16.0 0.1562 5200
16.5 0.1421 5200
17.0 0.1298 5200
17.5 0.119 5200
18.0 0.1094 5198
18.5 0.1008 5195
19.0 0.0931 5188
19.5 0.0861 5174
20.0 0.0797 5148
20.5 0.0737 5106
21.0 0.0682 5046
21.5 0.0629 4968
22.0 0.0581 4873
22.5 0.0536 4767
23.0 0.0494 4655
23.5 0.0457 4542
24.0 0.0424 4433
24.5 0.0394 4329
25.0 0.0368 4240
25.5 0.0344 4158
26.0 0.0323 4085
26.5 0.0305 4025
27.0 0.0289 3971
