38
87.0 126.0 0.13 3.0
4.0 0.814 183
4.5 0.831 281
5.0 0.831 401
5.5 0.825 546
6.0 0.817 722
6.5 0.809 928
7.0 0.806 1170
7.5 0.793 1441
8.0 0.779 1755
8.5 0.777 2103
9.0 0.759 2472
9.5 0.704 2809
10.0 0.624 3065
10.5 0.536 3211
11.0 0.456 3276
11.5 0.387 3295
12.0 0.333 3299
12.5 0.29 3300
13.0 0.255 3300
13.5 0.227 3300
14.0 0.202 3300
14.5 0.181 3300
15.0 0.163 3300
15.5 0.148 3300
16.0 0.134 3300
16.5 0.123 3300
17.0 0.112 3300
17.5 0.103 3300
18.0 0.095 3300
18.5 0.088 3300
19.0 0.081 3300
19.5 0.076 3300
20.0 0.071 3300
20.5 0.066 3300
21.0 0.062 3300
21.5 0.059 3300
22.0 0.055 3300
22.5 0.052 3300
