36.826996 -97.412491 3
36.843494 -97.389191 3
36.829895 -97.423294 3
36.826893 -97.417595 3
36.862995 -97.44249 3
36.844494 -97.418594 3
36.848595 -97.449295 3
36.848595 -97.460495 3
36.862995 -97.460495 3
36.862995 -97.454788 3
36.864594 -97.419693 3
36.862995 -97.448891 3
36.864594 -97.414291 3
36.844494 -97.412788 3
36.847294 -97.40519 3
36.848595 -97.454788 3
36.862995 -97.437096 3
36.852695 -97.395088 3
36.864594 -97.425095 3
36.848694 -97.443192 3
36.864594 -97.431595 3
36.852695 -97.432991 3
36.852592 -97.399994 3
36.841793 -97.394089 3
36.841694 -97.400093 3
36.851593 -97.437988 3
36.436382 -97.644882 1
36.456234 -97.629494 1
36.445244 -97.691605 1
36.445225 -97.73452 1
36.440201 -97.673409 1
36.457054 -97.69577 1
36.452023 -97.669121 1
36.444595 -97.706535 1
36.44426 -97.637047 1
36.431114 -97.626839 1
36.451622 -97.624077 1
36.456825 -97.654411 1
36.455982 -97.649254 1
36.441883 -97.669075 1
36.459232 -97.735939 1
36.446133 -97.620224 1
36.437542 -97.690102 1
36.459175 -97.703102 1
36.45401 -97.638405 1
36.437752 -97.697533 1
36.442745 -97.664749 1
36.453934 -97.718071 1
36.437233 -97.624794 1
36.457485 -97.726425 1
36.439404 -97.743805 1
36.443935 -97.646805 1
36.457584 -97.64315 1
36.459343 -97.731674 1
36.437183 -97.615761 1
36.450695 -97.632835 1
36.459805 -97.740379 1
36.452763 -97.713654 1
36.438942 -97.7146 1
36.445034 -97.725212 1
36.452202 -97.68261 1
36.449562 -97.627342 1
36.459545 -97.748993 1
36.443325 -97.695351 1
36.437443 -97.629509 1
36.443275 -97.643272 1
36.438583 -97.718636 1
36.458385 -97.670105 1
36.458122 -97.6996 1
36.446613 -97.614731 1
36.453964 -97.665131 1
36.452744 -97.67791 1
36.437016 -97.620209 1
36.451523 -97.70932 1
36.442753 -97.739235 1
36.459785 -97.744835 1
36.441895 -97.606979 1
36.443325 -97.699379 1
36.442402 -97.65033 1
36.453156 -97.673264 1
36.435524 -97.686302 1
36.447052 -97.688644 1
36.441963 -97.611565 1
36.579895 -97.686394 4
36.569794 -97.630493 4
36.569294 -97.593689 4
36.598194 -97.625793 4
36.587494 -97.760796 4
36.566593 -97.755592 4
36.553394 -97.730591 4
36.555893 -97.694893 4
36.597294 -97.584991 4
36.580593 -97.620392 4
36.569294 -97.641693 4
36.568195 -97.589088 4
36.568794 -97.778191 4
36.590996 -97.535194 4
36.569096 -97.794792 4
36.554195 -97.727196 4
36.566692 -97.730492 4
36.556095 -97.687096 4
36.579494 -97.591293 4
36.595795 -97.545296 4
36.575092 -97.654991 4
36.599194 -97.737389 4
36.580395 -97.57869 4
36.574593 -97.67379 4
36.596596 -97.779495 4
36.571095 -97.71669 4
36.544193 -97.67189 4
36.551594 -97.773994 4
36.588894 -97.712593 4
36.595493 -97.556496 4
36.569195 -97.774994 4
36.573593 -97.669594 4
36.568394 -97.637894 4
36.550694 -97.682594 4
36.595295 -97.550392 4
36.568893 -97.791489 4
36.570194 -97.767593 4
36.575092 -97.665588 4
36.551792 -97.737793 4
36.594894 -97.751495 4
36.570293 -97.771393 4
36.570293 -97.781395 4
36.567394 -97.751991 4
36.580093 -97.738892 4
36.591194 -97.574394 4
36.576996 -97.612694 4
36.587395 -97.756294 4
36.584393 -97.726891 4
36.551594 -97.677994 4
36.591393 -97.570496 4
36.573795 -97.64949 4
36.567295 -97.807289 4
36.595093 -97.755493 4
36.595093 -97.772491 4
36.581295 -97.624092 4
36.551594 -97.758492 4
36.581696 -97.694695 4
36.582695 -97.742294 4
36.584892 -97.772491 4
36.580193 -97.67939 4
36.571095 -97.70929 4
36.568596 -97.786293 4
36.551594 -97.777489 4
36.567295 -97.799194 4
36.580494 -97.705193 4
36.569996 -97.763596 4
36.551594 -97.766792 4
36.558193 -97.70179 4
36.599094 -97.747795 4
36.581894 -97.627991 4
36.586994 -97.719994 4
36.596893 -97.78389 4
36.595795 -97.743294 4
36.568993 -97.702789 4
36.586594 -97.748894 4
36.586895 -97.612892 4
36.586796 -97.608688 4
36.558495 -97.70919 4
36.551594 -97.770393 4
36.595093 -97.776291 4
36.585094 -97.767792 4
36.554295 -97.716293 4
36.581993 -97.690895 4
36.595993 -97.61869 4
36.596294 -97.759193 4
36.557095 -97.698395 4
36.558994 -97.788795 4
36.580296 -97.583488 4
36.594894 -97.540993 4
36.585995 -97.598495 4
36.565495 -97.744194 4
36.560295 -97.780792 4
36.587894 -97.716393 4
36.584293 -97.745293 4
36.576996 -97.616592 4
36.556194 -97.690689 4
36.587894 -97.590294 4
36.595295 -97.581192 4
36.571293 -97.597694 4
36.571095 -97.705589 4
36.594494 -97.74659 4
36.551594 -97.762589 4
36.596092 -97.559296 4
36.597294 -97.73999 4
36.596092 -97.762993 4
36.551594 -97.754395 4
36.599396 -97.629295 4
36.571693 -97.71299 4
36.554794 -97.719795 4
36.580093 -97.735191 4
36.569096 -97.723595 4
36.601692 -97.632393 4
36.597595 -97.766289 4
36.586395 -97.594193 4
36.569294 -97.634293 4
36.551594 -97.745193 4
36.590694 -97.566895 4
36.603195 -97.636192 4
36.570293 -97.720192 4
36.586693 -97.617195 4
36.559193 -97.705589 4
36.575893 -97.661194 4
36.587692 -97.752495 4
36.568596 -97.727295 4
36.567093 -97.803589 4
36.565693 -97.748894 4
36.586693 -97.723694 4
36.552094 -97.734093 4
36.554695 -97.723495 4
36.577194 -97.69799 4
36.596992 -97.622292 4
36.555096 -97.712791 4
36.566395 -97.759293 4
36.559692 -97.784889 4
36.577293 -97.701691 4
36.573795 -97.645592 4
36.551594 -97.750389 4
36.544292 -97.668091 4
36.551895 -97.74189 4
36.594994 -97.563789 4
36.525539 -97.695206 5
36.544952 -97.708717 5
36.533531 -97.713158 5
36.531929 -97.709259 5
36.509026 -97.719894 5
36.591225 -97.673286 5
36.603783 -97.680092 5
36.599407 -97.645302 5
36.536858 -97.716431 5
36.537346 -97.726227 5
36.511002 -97.738998 5
36.602451 -97.684044 5
36.604202 -97.6399 5
36.58691 -97.637985 5
36.599705 -97.649292 5
36.524555 -97.699669 5
36.508808 -97.735672 5
36.510513 -97.73111 5
36.595005 -97.657379 5
36.591526 -97.665726 5
36.584526 -97.634377 5
36.511112 -97.72319 5
36.601486 -97.688225 5
36.591805 -97.661247 5
36.537315 -97.721321 5
36.512383 -97.727295 5
36.589935 -97.66925 5
36.899426 -97.258064 3
36.914227 -97.122383 3
36.914604 -97.209145 3
36.979843 -97.134842 3
36.953323 -97.121925 3
36.915173 -97.16124 3
36.997604 -97.16127 3
36.954075 -97.178871 3
36.964104 -97.160873 3
36.946304 -97.236183 3
36.940285 -97.166283 3
36.983974 -97.208427 3
36.996513 -97.176689 3
36.962292 -97.229828 3
36.899223 -97.2491 3
36.947628 -97.077042 3
36.943512 -97.146019 3
36.913685 -97.226151 3
36.996273 -97.172951 3
36.900024 -97.254906 3
36.914455 -97.21225 3
36.945744 -97.113762 3
36.935146 -97.086143 3
36.916332 -97.140701 3
36.994404 -97.185478 3
36.932125 -97.196663 3
36.932468 -97.126053 3
36.983776 -97.225204 3
36.916454 -97.204521 3
36.996067 -97.180428 3
36.978714 -97.126305 3
36.914284 -97.15464 3
36.913673 -97.23056 3
36.922035 -97.184235 3
36.950714 -97.140579 3
36.923935 -97.2313 3
36.928974 -97.164879 3
36.954124 -97.172501 3
36.981472 -97.139999 3
36.923164 -97.234489 3
36.943512 -97.211632 3
36.963745 -97.163994 3
36.989307 -97.198578 3
36.914623 -97.150833 3
36.967083 -97.133072 3
36.899319 -97.263 3
36.981365 -97.153542 3
36.925293 -97.226822 3
36.981773 -97.144081 3
36.947571 -97.103333 3
36.934711 -97.101227 3
36.952244 -97.150124 3
36.921722 -97.236893 3
36.990356 -97.194572 3
36.945602 -97.117493 3
36.938824 -97.158066 3
36.928394 -97.212029 3
36.929523 -97.160904 3
36.942642 -97.218613 3
36.97929 -97.12291 3
36.962608 -97.121429 3
36.949303 -97.131516 3
36.920563 -97.240875 3
36.966755 -97.190926 3
36.964813 -97.154663 3
36.909752 -97.247925 3
36.964874 -97.15789 3
36.997314 -97.164482 3
36.965553 -97.140633 3
36.922943 -97.181381 3
36.964325 -97.146469 3
36.997074 -97.154869 3
36.964352 -97.150314 3
36.913704 -97.215469 3
36.996002 -97.167961 3
36.949364 -97.13549 3
36.920918 -97.199944 3
36.91761 -97.13353 3
36.913685 -97.177895 3
36.943295 -97.223206 3
36.997692 -97.158333 3
36.982388 -97.217827 3
36.915932 -97.248543 3
36.924934 -97.178162 3
36.994854 -97.142853 3
36.929928 -97.112709 3
36.938934 -97.176109 3
36.917503 -97.254166 3
36.954212 -97.182533 3
36.984013 -97.205269 3
36.940113 -97.188904 3
36.917435 -97.136749 3
36.916454 -97.128113 3
36.947472 -97.109848 3
36.929085 -97.206581 3
36.995773 -97.150894 3
36.918755 -97.244598 3
36.920784 -97.194733 3
36.913704 -97.218773 3
36.913673 -97.222961 3
36.967075 -97.187454 3
36.96246 -97.125252 3
36.947529 -97.07045 3
36.942505 -97.199486 3
36.968143 -97.180305 3
36.993366 -97.18898 3
36.924923 -97.216972 3
36.935841 -97.094505 3
36.9305 -97.191025 3
36.947704 -97.081589 3
36.962265 -97.235397 3
36.983402 -97.212776 3
36.962444 -97.167595 3
36.908844 -97.258781 3
36.958801 -97.11393 3
36.915142 -97.166573 3
36.943153 -97.229675 3
36.929333 -97.168175 3
36.978752 -97.131142 3
36.939785 -97.170013 3
36.967243 -97.175674 3
36.925732 -97.223785 3
36.942852 -97.195732 3
36.931488 -97.132126 3
36.921303 -97.190948 3
36.928604 -97.151169 3
36.915314 -97.170441 3
36.942783 -97.214882 3
36.939995 -97.153931 3
36.96233 -97.225327 3
37.135605 -97.30912 10
37.112999 -97.263763 10
37.126793 -97.335533 10
37.150196 -97.381454 10
37.125275 -97.285591 10
37.142368 -97.298233 10
37.116962 -97.32193 10
37.119194 -97.294418 10
37.07972 -97.21788 10
37.157482 -97.359299 10
37.146255 -97.387032 10
37.157463 -97.363091 10
37.091782 -97.226982 10
37.143459 -97.290794 10
37.142391 -97.331406 10
37.135323 -97.301147 10
37.13448 -97.354904 10
37.132629 -97.326569 10
37.135902 -97.314873 10
37.091736 -97.233391 10
37.150242 -97.372787 10
37.150242 -97.326134 10
37.134598 -97.35099 10
37.109394 -97.250755 10
37.091709 -97.236664 10
37.125149 -97.290161 10
37.124763 -97.277603 10
37.076508 -97.205727 10
37.088474 -97.248405 10
37.135174 -97.318962 10
37.118298 -97.302284 10
37.124317 -97.243256 10
37.154385 -97.354034 10
37.127296 -97.258339 10
37.150391 -97.377434 10
37.124966 -97.254517 10
37.073807 -97.178047 10
37.124958 -97.247009 10
37.13324 -97.272163 10
37.133419 -97.322006 10
37.126316 -97.26622 10
37.143375 -97.342171 10
37.091774 -97.230362 10
37.140984 -97.3349 10
37.128494 -97.261925 10
37.080025 -97.188339 10
37.139969 -97.381462 10
37.073135 -97.182014 10
37.119804 -97.327438 10
37.113251 -97.259972 10
37.10593 -97.245865 10
37.118446 -97.309135 10
37.120056 -97.34494 10
37.087509 -97.24472 10
37.132061 -97.345352 10
37.106388 -97.242126 10
37.124935 -97.281456 10
37.146011 -97.390823 10
37.134796 -97.362061 10
37.12241 -97.341766 10
37.150635 -97.322388 10
37.143505 -97.294655 10
37.149635 -97.368301 10
37.124893 -97.25074 10
37.128326 -97.332001 10
37.143333 -97.345909 10
37.080814 -97.199623 10
37.118374 -97.297989 10
37.154305 -97.350243 10
37.135929 -97.278152 10
37.080124 -97.222198 10
37.079575 -97.213844 10
37.080166 -97.19593 10
37.138866 -97.373238 10
37.136402 -97.305519 10
