37.091736 -97.233391 10
37.157482 -97.359299 10
37.073807 -97.178047 10
37.135174 -97.318962 10
37.150635 -97.322388 10
37.135902 -97.314873 10
37.134598 -97.35099 10
37.146011 -97.390823 10
37.135323 -97.301147 10
37.106388 -97.242126 10
37.109394 -97.250755 10
37.133419 -97.322006 10
37.126316 -97.26622 10
37.135929 -97.278152 10
37.157463 -97.363091 10
37.10593 -97.245865 10
37.128494 -97.261925 10
37.150242 -97.326134 10
37.119804 -97.327438 10
37.132629 -97.326569 10
37.091774 -97.230362 10
37.116962 -97.32193 10
37.079575 -97.213844 10
37.118298 -97.302284 10
37.080025 -97.188339 10
37.076508 -97.205727 10
37.143375 -97.342171 10
37.128326 -97.332001 10
37.154385 -97.354034 10
37.150391 -97.377434 10
37.150242 -97.372787 10
37.154305 -97.350243 10
37.119194 -97.294418 10
37.127296 -97.258339 10
37.138866 -97.373238 10
37.118446 -97.309135 10
37.091709 -97.236664 10
37.07972 -97.21788 10
37.073135 -97.182014 10
37.124958 -97.247009 10
37.139969 -97.381462 10
37.140984 -97.3349 10
37.124763 -97.277603 10
37.118374 -97.297989 10
37.080814 -97.199623 10
37.125275 -97.285591 10
37.143333 -97.345909 10
37.125149 -97.290161 10
37.142391 -97.331406 10
37.112999 -97.263763 10
37.126793 -97.335533 10
37.088474 -97.248405 10
37.124893 -97.25074 10
37.087509 -97.24472 10
37.136402 -97.305519 10
37.135605 -97.30912 10
37.124935 -97.281456 10
37.149635 -97.368301 10
37.124966 -97.254517 10
37.080166 -97.19593 10
37.080124 -97.222198 10
37.120056 -97.34494 10
37.142368 -97.298233 10
37.146255 -97.387032 10
37.134796 -97.362061 10
37.091782 -97.226982 10
37.12241 -97.341766 10
37.143505 -97.294655 10
37.150196 -97.381454 10
37.13448 -97.354904 10
37.132061 -97.345352 10
37.143459 -97.290794 10
37.13324 -97.272163 10
37.124317 -97.243256 10
37.113251 -97.259972 10
