36.932438 -97.495522 3
36.877407 -97.473755 3
36.923729 -97.468712 9
36.938057 -97.523117 9
36.921051 -97.424721 9
36.920444 -97.433266 9
36.874043 -97.465126 3
36.937946 -97.527145 9
36.936314 -97.537323 9
36.910473 -97.482559 9
36.880882 -97.48616 3
36.903793 -97.430099 9
36.924339 -97.447243 9
36.903942 -97.434502 9
36.924583 -97.477577 9
36.917572 -97.504799 9
36.909412 -97.402939 9
36.917011 -97.442902 9
36.910503 -97.398056 9
36.935917 -97.509232 9
36.910389 -97.486992 9
36.904011 -97.439873 9
36.918499 -97.510178 9
36.92379 -97.464622 9
36.910458 -97.476265 9
36.939323 -97.549973 3
36.910446 -97.491287 9
36.909611 -97.406715 9
36.920528 -97.429085 9
36.92347 -97.473099 9
36.924255 -97.45192 9
36.925148 -97.460106 9
36.932636 -97.491348 9
36.924435 -97.456001 9
36.910507 -97.393349 9
36.907677 -97.460197 9
36.892094 -97.478355 9
36.922451 -97.514107 9
36.932129 -97.500572 9
36.936512 -97.514099 9
36.922985 -97.53212 9
36.874191 -97.469429 3
36.934723 -97.505043 9
36.922035 -97.523643 9
36.91037 -97.47226 9
36.932522 -97.486862 9
36.902206 -97.496208 9
36.920261 -97.528198 9
36.879147 -97.478577 3
36.918839 -97.438255 9
36.913818 -97.52066 3
36.937958 -97.519173 9
36.920528 -97.42041 9
36.914291 -97.416817 9
36.879532 -97.491638 3
36.910385 -97.466492 9
36.931007 -97.48278 9
36.939384 -97.545715 9
36.89476 -97.492325 9
36.892052 -97.483902 9
