36.277966 -97.530518 1
36.255135 -97.526337 1
36.299545 -97.539902 2
36.337666 -97.507942 2
36.266785 -97.525436 1
36.294884 -97.512787 1
36.291168 -97.536842 2
36.338253 -97.570381 2
36.35276 -97.525612 2
36.34853 -97.637787 1
36.345432 -97.615379 1
36.342945 -97.646858 2
36.32338 -97.629677 1
36.336399 -97.612282 1
36.268726 -97.513176 1
36.247559 -97.545029 1
36.344193 -97.543747 2
36.349052 -97.522408 1
36.258667 -97.535805 1
36.312836 -97.521767 1
36.336945 -97.628143 1
36.349106 -97.634338 1
36.324238 -97.552521 2
36.300163 -97.535095 2
36.294983 -97.507896 2
36.337944 -97.600105 2
36.31636 -97.516846 1
36.308372 -97.517403 1
36.323929 -97.55761 2
36.335121 -97.577766 2
36.329086 -97.539047 2
36.292652 -97.518875 2
36.278843 -97.539841 1
36.241096 -97.5205 1
36.256905 -97.507904 1
36.233299 -97.520897 1
36.295757 -97.530884 2
36.233276 -97.516998 1
36.328815 -97.632828 1
36.338192 -97.608925 1
36.255535 -97.53981 1
36.293278 -97.526085 2
36.359165 -97.52594 2
36.270103 -97.509666 1
36.301357 -97.525169 1
36.30751 -97.527283 1
36.301064 -97.516853 2
36.342121 -97.53923 2
36.350929 -97.629967 1
36.286774 -97.509247 2
36.337933 -97.524193 2
36.336594 -97.595436 2
36.323586 -97.646835 1
36.273468 -97.528328 1
36.330975 -97.590797 1
36.335232 -97.516891 2
36.33419 -97.54805 2
36.281479 -97.570885 1
36.269688 -97.534821 1
36.294113 -97.610939 1
36.337055 -97.520454 1
36.321213 -97.634979 1
36.27821 -97.535141 1
36.262295 -97.521194 2
36.330044 -97.528496 1
36.323952 -97.525566 2
36.324726 -97.530754 2
36.280651 -97.544273 1
36.287582 -97.52829 2
36.334728 -97.544456 2
36.321609 -97.641922 1
36.342777 -97.591728 1
36.335072 -97.503601 1
36.257854 -97.544434 1
36.322308 -97.610458 1
36.345455 -97.534729 2
36.351891 -97.518478 2
36.265926 -97.601158 1
36.357075 -97.633957 1
36.305908 -97.522255 1
36.313305 -97.525116 1
36.263378 -97.507103 1
36.28714 -97.52285 2
36.363419 -97.52079 2
36.364464 -97.516495 2
36.343063 -97.51635 2
36.343521 -97.580002 2
36.255791 -97.511452 1
36.298641 -97.522171 2
36.321609 -97.615082 1
36.335072 -97.512459 1
36.338081 -97.641617 2
36.270134 -97.53968 1
36.352558 -97.530136 2
36.341751 -97.619492 1
36.26622 -97.530708 1
36.266041 -97.517433 2
36.327263 -97.545219 2
36.338184 -97.528709 2
36.345322 -97.64267 1
36.335201 -97.573822 2
36.276527 -97.547333 1
36.334824 -97.646584 1
36.334202 -97.498894 1
36.28199 -97.548828 1
36.344391 -97.520111 2
36.330929 -97.642059 1
36.255924 -97.530746 1
36.334435 -97.561783 2
36.826996 -97.412491 3
36.843494 -97.389191 3
36.829895 -97.423294 3
36.826893 -97.417595 3
36.862995 -97.44249 3
36.844494 -97.418594 3
36.848595 -97.449295 3
36.848595 -97.460495 3
36.862995 -97.460495 3
36.862995 -97.454788 3
36.864594 -97.419693 3
36.862995 -97.448891 3
36.864594 -97.414291 3
36.844494 -97.412788 3
36.847294 -97.40519 3
36.848595 -97.454788 3
36.862995 -97.437096 3
36.852695 -97.395088 3
36.864594 -97.425095 3
36.848694 -97.443192 3
36.864594 -97.431595 3
36.852695 -97.432991 3
36.852592 -97.399994 3
36.841793 -97.394089 3
36.841694 -97.400093 3
36.851593 -97.437988 3
36.436382 -97.644882 1
36.456234 -97.629494 1
36.445244 -97.691605 1
36.445225 -97.73452 1
36.440201 -97.673409 1
36.457054 -97.69577 1
36.452023 -97.669121 1
36.444595 -97.706535 1
36.44426 -97.637047 1
36.431114 -97.626839 1
36.451622 -97.624077 1
36.456825 -97.654411 1
36.455982 -97.649254 1
36.441883 -97.669075 1
36.459232 -97.735939 1
36.446133 -97.620224 1
36.437542 -97.690102 1
36.459175 -97.703102 1
36.45401 -97.638405 1
36.437752 -97.697533 1
36.442745 -97.664749 1
36.453934 -97.718071 1
36.437233 -97.624794 1
36.457485 -97.726425 1
36.439404 -97.743805 1
36.443935 -97.646805 1
36.457584 -97.64315 1
36.459343 -97.731674 1
36.437183 -97.615761 1
36.450695 -97.632835 1
36.459805 -97.740379 1
36.452763 -97.713654 1
36.438942 -97.7146 1
36.445034 -97.725212 1
36.452202 -97.68261 1
36.449562 -97.627342 1
36.459545 -97.748993 1
36.443325 -97.695351 1
36.437443 -97.629509 1
36.443275 -97.643272 1
36.438583 -97.718636 1
36.458385 -97.670105 1
36.458122 -97.6996 1
36.446613 -97.614731 1
36.453964 -97.665131 1
36.452744 -97.67791 1
36.437016 -97.620209 1
36.451523 -97.70932 1
36.442753 -97.739235 1
36.459785 -97.744835 1
36.441895 -97.606979 1
36.443325 -97.699379 1
36.442402 -97.65033 1
36.453156 -97.673264 1
36.435524 -97.686302 1
36.447052 -97.688644 1
36.441963 -97.611565 1
36.579895 -97.686394 4
36.569794 -97.630493 4
36.569294 -97.593689 4
36.598194 -97.625793 4
36.587494 -97.760796 4
36.566593 -97.755592 4
36.553394 -97.730591 4
36.555893 -97.694893 4
36.597294 -97.584991 4
36.580593 -97.620392 4
36.569294 -97.641693 4
36.568195 -97.589088 4
36.568794 -97.778191 4
36.590996 -97.535194 4
36.569096 -97.794792 4
36.554195 -97.727196 4
36.566692 -97.730492 4
36.556095 -97.687096 4
36.579494 -97.591293 4
36.595795 -97.545296 4
36.575092 -97.654991 4
36.599194 -97.737389 4
36.580395 -97.57869 4
36.574593 -97.67379 4
36.596596 -97.779495 4
36.571095 -97.71669 4
36.544193 -97.67189 4
36.551594 -97.773994 4
36.588894 -97.712593 4
36.595493 -97.556496 4
36.569195 -97.774994 4
36.573593 -97.669594 4
36.568394 -97.637894 4
36.550694 -97.682594 4
36.595295 -97.550392 4
36.568893 -97.791489 4
36.570194 -97.767593 4
36.575092 -97.665588 4
36.551792 -97.737793 4
36.594894 -97.751495 4
36.570293 -97.771393 4
36.570293 -97.781395 4
36.567394 -97.751991 4
36.580093 -97.738892 4
36.591194 -97.574394 4
36.576996 -97.612694 4
36.587395 -97.756294 4
36.584393 -97.726891 4
36.551594 -97.677994 4
36.591393 -97.570496 4
36.573795 -97.64949 4
36.567295 -97.807289 4
36.595093 -97.755493 4
36.595093 -97.772491 4
36.581295 -97.624092 4
36.551594 -97.758492 4
36.581696 -97.694695 4
36.582695 -97.742294 4
36.584892 -97.772491 4
36.580193 -97.67939 4
36.571095 -97.70929 4
36.568596 -97.786293 4
36.551594 -97.777489 4
36.567295 -97.799194 4
36.580494 -97.705193 4
36.569996 -97.763596 4
36.551594 -97.766792 4
36.558193 -97.70179 4
36.599094 -97.747795 4
36.581894 -97.627991 4
36.586994 -97.719994 4
36.596893 -97.78389 4
36.595795 -97.743294 4
36.568993 -97.702789 4
36.586594 -97.748894 4
36.586895 -97.612892 4
36.586796 -97.608688 4
36.558495 -97.70919 4
36.551594 -97.770393 4
36.595093 -97.776291 4
36.585094 -97.767792 4
36.554295 -97.716293 4
36.581993 -97.690895 4
36.595993 -97.61869 4
36.596294 -97.759193 4
36.557095 -97.698395 4
36.558994 -97.788795 4
36.580296 -97.583488 4
36.594894 -97.540993 4
36.585995 -97.598495 4
36.565495 -97.744194 4
36.560295 -97.780792 4
36.587894 -97.716393 4
36.584293 -97.745293 4
36.576996 -97.616592 4
36.556194 -97.690689 4
36.587894 -97.590294 4
36.595295 -97.581192 4
36.571293 -97.597694 4
36.571095 -97.705589 4
36.594494 -97.74659 4
36.551594 -97.762589 4
36.596092 -97.559296 4
36.597294 -97.73999 4
36.596092 -97.762993 4
36.551594 -97.754395 4
36.599396 -97.629295 4
36.571693 -97.71299 4
36.554794 -97.719795 4
36.580093 -97.735191 4
36.569096 -97.723595 4
36.601692 -97.632393 4
36.597595 -97.766289 4
36.586395 -97.594193 4
36.569294 -97.634293 4
36.551594 -97.745193 4
36.590694 -97.566895 4
36.603195 -97.636192 4
36.570293 -97.720192 4
36.586693 -97.617195 4
36.559193 -97.705589 4
36.575893 -97.661194 4
36.587692 -97.752495 4
36.568596 -97.727295 4
36.567093 -97.803589 4
36.565693 -97.748894 4
36.586693 -97.723694 4
36.552094 -97.734093 4
36.554695 -97.723495 4
36.577194 -97.69799 4
36.596992 -97.622292 4
36.555096 -97.712791 4
36.566395 -97.759293 4
36.559692 -97.784889 4
36.577293 -97.701691 4
36.573795 -97.645592 4
36.551594 -97.750389 4
36.544292 -97.668091 4
36.551895 -97.74189 4
36.594994 -97.563789 4
36.525539 -97.695206 5
36.544952 -97.708717 5
36.533531 -97.713158 5
36.531929 -97.709259 5
36.509026 -97.719894 5
36.591225 -97.673286 5
36.603783 -97.680092 5
36.599407 -97.645302 5
36.536858 -97.716431 5
36.537346 -97.726227 5
36.511002 -97.738998 5
36.602451 -97.684044 5
36.604202 -97.6399 5
36.58691 -97.637985 5
36.599705 -97.649292 5
36.524555 -97.699669 5
36.508808 -97.735672 5
36.510513 -97.73111 5
36.595005 -97.657379 5
36.591526 -97.665726 5
36.584526 -97.634377 5
36.511112 -97.72319 5
36.601486 -97.688225 5
36.591805 -97.661247 5
36.537315 -97.721321 5
36.512383 -97.727295 5
36.589935 -97.66925 5
36.834103 -97.221733 6
36.859554 -97.186172 6
36.835659 -97.249397 6
36.859097 -97.105888 6
36.859558 -97.181335 6
36.83556 -97.136383 6
36.835941 -97.176682 6
36.857574 -97.109848 6
36.843296 -97.153984 6
36.844688 -97.135811 6
36.856472 -97.199257 6
36.846569 -97.125885 6
36.837025 -97.18148 6
36.834305 -97.127754 6
36.833611 -97.230957 6
36.857082 -97.239548 6
36.843376 -97.213791 6
36.849377 -97.116173 6
36.836773 -97.190224 6
36.834629 -97.203308 6
36.834206 -97.164337 6
36.84306 -97.110046 6
36.857246 -97.114647 6
36.836769 -97.194717 6
36.847069 -97.180626 6
36.845779 -97.171127 6
36.843525 -97.14962 6
36.848557 -97.240662 6
36.834209 -97.217232 6
36.858086 -97.12764 6
36.834858 -97.159935 6
36.835655 -97.253914 6
36.848595 -97.176682 6
36.866821 -97.109268 6
36.857204 -97.194626 6
36.834557 -97.149628 6
36.837421 -97.12339 6
36.845436 -97.244087 6
36.865086 -97.113098 6
36.844658 -97.248825 6
36.836746 -97.185844 6
36.833778 -97.226212 6
36.857082 -97.243805 6
36.834637 -97.145264 6
36.832218 -97.154045 6
36.857441 -97.23497 6
36.845821 -97.163078 6
36.83522 -97.212875 6
36.849342 -97.23629 6
36.835339 -97.20816 6
36.846375 -97.184921 6
36.858547 -97.190422 6
36.858505 -97.123291 6
36.836609 -97.199203 6
36.835289 -97.140968 6
36.864666 -97.119049 6
36.834919 -97.243317 6
36.836254 -97.235687 6
36.845192 -97.189041 6
36.841812 -97.220474 6
36.84156 -97.114273 6
36.79224 -96.992966 7
36.82328 -96.969887 7
36.888401 -97.008911 7
36.84499 -97.025871 7
36.84808 -97.016151 7
36.778221 -96.993416 7
36.829025 -97.033699 7
36.777954 -96.998596 7
36.833927 -96.966881 7
36.951824 -97.00367 7
36.944424 -97.042061 7
36.830055 -97.016579 7
36.952183 -97.014099 7
36.845005 -97.011246 7
36.944584 -97.03701 7
36.930405 -97.042046 7
36.876869 -97.016487 7
36.836411 -97.027 7
36.834858 -97.052109 7
36.847721 -97.055977 7
36.86581 -97.011467 7
36.951687 -97.008728 7
36.831268 -97.061195 7
36.818855 -97.015991 7
36.949726 -97.01812 7
36.902927 -97.003326 7
36.849205 -97.036415 7
36.850094 -97.05188 7
36.817207 -96.974365 7
36.819824 -97.003441 7
36.891899 -97.01638 7
36.901382 -97.020523 7
36.791744 -97.011253 7
36.815342 -96.990936 7
36.778645 -96.983574 7
36.902367 -97.008324 7
36.859329 -97.033463 7
36.808315 -97.017334 7
36.830017 -96.989197 7
36.777298 -97.003578 7
36.801697 -97.011154 7
36.845997 -97.020744 7
36.837875 -96.972191 7
36.951847 -96.998619 7
36.848969 -97.041451 7
36.787472 -97.002098 7
36.816803 -97.02034 7
36.830105 -97.001068 7
36.827099 -97.028946 7
36.877743 -97.010864 7
36.830364 -97.011208 7
36.820385 -96.998436 7
36.938618 -97.051239 7
36.829521 -97.021584 7
36.777599 -96.988441 7
36.863197 -97.003571 7
36.845062 -96.963715 7
36.830551 -97.006165 7
36.917389 -97.042175 7
36.946289 -97.022987 7
36.852123 -97.002159 7
36.805939 -96.975136 7
36.818813 -96.987404 7
36.851208 -97.007195 7
36.792572 -96.998077 7
36.837605 -97.037903 7
36.834217 -97.057098 7
36.863052 -97.0186 7
36.827705 -96.982704 7
36.831657 -96.961891 7
36.823368 -96.964836 7
36.939346 -97.046272 7
36.816769 -96.981003 7
36.819874 -97.008598 7
36.950394 -97.667946 3
36.947235 -97.612823 3
36.965912 -97.64035 3
36.961849 -97.680389 3
36.973289 -97.680336 3
36.953201 -97.595741 3
36.965363 -97.631027 3
36.980888 -97.698914 3
36.961655 -97.568466 3
36.972916 -97.770782 3
36.973259 -97.766785 3
36.991882 -97.647133 3
36.96843 -97.667374 3
36.951027 -97.664345 3
36.948116 -97.609383 3
36.994347 -97.657486 3
36.980568 -97.712517 3
36.951286 -97.591049 3
36.979435 -97.745461 3
36.962749 -97.694649 3
36.981155 -97.73642 3
36.979393 -97.757538 3
36.959652 -97.647552 3
36.958328 -97.729843 3
36.972763 -97.773933 3
36.960323 -97.652206 3
36.964127 -97.663246 3
36.982567 -97.70401 3
36.958275 -97.576881 3
36.964249 -97.585861 3
36.950977 -97.58316 3
36.993896 -97.672409 3
36.968472 -97.673615 3
36.981365 -97.694527 3
36.954071 -97.638466 3
36.959785 -97.717369 3
36.980015 -97.754211 3
36.981518 -97.721207 3
36.981491 -97.739967 3
36.972878 -97.763428 3
36.958344 -97.573547 3
36.982899 -97.68927 3
36.980312 -97.716454 3
36.958385 -97.685379 3
36.953293 -97.599998 3
36.993927 -97.675911 3
36.958332 -97.722672 3
36.964226 -97.709236 3
36.963959 -97.712532 3
36.961777 -97.658722 3
36.962109 -97.564896 3
36.965675 -97.634476 3
36.958767 -97.675308 3
36.961662 -97.655411 3
36.982513 -97.707855 3
36.991146 -97.66806 3
36.962734 -97.703545 3
36.951145 -97.586548 3
36.962688 -97.699333 3
36.990002 -97.662956 3
36.977322 -97.727806 3
36.950207 -97.604546 3
36.979435 -97.748741 3
36.962723 -97.690758 3
36.896503 -97.679733 3
36.944904 -97.652237 3
36.908859 -97.699944 3
36.918316 -97.611862 3
36.885471 -97.693916 3
36.947403 -97.671768 3
36.933144 -97.627281 3
36.921391 -97.598869 3
36.90728 -97.712364 3
36.894955 -97.688545 3
36.909393 -97.704422 3
36.916935 -97.616386 3
36.944733 -97.658897 3
36.892292 -97.648804 3
36.944233 -97.68441 3
36.889458 -97.721909 3
36.947453 -97.616707 3
36.887794 -97.712669 3
36.891644 -97.652611 3
36.943924 -97.738663 3
36.916416 -97.621429 3
36.91544 -97.665543 3
36.954552 -97.744453 3
36.920277 -97.676353 3
36.918194 -97.671928 3
36.884621 -97.688919 3
36.943443 -97.711945 3
36.916885 -97.627228 3
36.893814 -97.65876 3
36.94463 -97.643799 3
36.939816 -97.703468 3
36.946747 -97.621033 3
36.952644 -97.756348 3
36.939728 -97.699745 3
36.885273 -97.702202 3
36.946209 -97.676323 3
36.916389 -97.631546 3
36.920147 -97.607895 3
36.95359 -97.752258 3
36.906254 -97.694031 3
36.88937 -97.718079 3
36.944431 -97.647972 3
36.943356 -97.708023 3
36.942776 -97.715843 3
36.894463 -97.643936 3
36.945602 -97.630196 3
36.943787 -97.688194 3
36.944614 -97.734367 3
36.884758 -97.698311 3
36.909168 -97.708733 3
36.954441 -97.740059 3
36.895519 -97.684029 3
36.916435 -97.640137 3
36.942791 -97.719864 3
36.935513 -97.635086 3
36.914299 -97.643959 3
36.885769 -97.706306 3
36.921261 -97.603935 3
36.943054 -97.695038 3
36.946503 -97.626038 3
36.954346 -97.748375 3
36.913643 -97.690483 3
36.936821 -97.640793 3
36.913425 -97.647812 3
36.944134 -97.68071 3
36.913555 -97.657265 3
36.899426 -97.258064 3
36.914227 -97.122383 3
36.914604 -97.209145 3
36.979843 -97.134842 3
36.953323 -97.121925 3
36.915173 -97.16124 3
36.997604 -97.16127 3
36.954075 -97.178871 3
36.964104 -97.160873 3
36.946304 -97.236183 3
36.940285 -97.166283 3
36.983974 -97.208427 3
36.996513 -97.176689 3
36.962292 -97.229828 3
36.899223 -97.2491 3
36.947628 -97.077042 3
36.943512 -97.146019 3
36.913685 -97.226151 3
36.996273 -97.172951 3
36.900024 -97.254906 3
36.914455 -97.21225 3
36.945744 -97.113762 3
36.935146 -97.086143 3
36.916332 -97.140701 3
36.994404 -97.185478 3
36.932125 -97.196663 3
36.932468 -97.126053 3
36.983776 -97.225204 3
36.916454 -97.204521 3
36.996067 -97.180428 3
36.978714 -97.126305 3
36.914284 -97.15464 3
36.913673 -97.23056 3
36.922035 -97.184235 3
36.950714 -97.140579 3
36.923935 -97.2313 3
36.928974 -97.164879 3
36.954124 -97.172501 3
36.981472 -97.139999 3
36.923164 -97.234489 3
36.943512 -97.211632 3
36.963745 -97.163994 3
36.989307 -97.198578 3
36.914623 -97.150833 3
36.967083 -97.133072 3
36.899319 -97.263 3
36.981365 -97.153542 3
36.925293 -97.226822 3
36.981773 -97.144081 3
36.947571 -97.103333 3
36.934711 -97.101227 3
36.952244 -97.150124 3
36.921722 -97.236893 3
36.990356 -97.194572 3
36.945602 -97.117493 3
36.938824 -97.158066 3
36.928394 -97.212029 3
36.929523 -97.160904 3
36.942642 -97.218613 3
36.97929 -97.12291 3
36.962608 -97.121429 3
36.949303 -97.131516 3
36.920563 -97.240875 3
36.966755 -97.190926 3
36.964813 -97.154663 3
36.909752 -97.247925 3
36.964874 -97.15789 3
36.997314 -97.164482 3
36.965553 -97.140633 3
36.922943 -97.181381 3
36.964325 -97.146469 3
36.997074 -97.154869 3
36.964352 -97.150314 3
36.913704 -97.215469 3
36.996002 -97.167961 3
36.949364 -97.13549 3
36.920918 -97.199944 3
36.91761 -97.13353 3
36.913685 -97.177895 3
36.943295 -97.223206 3
36.997692 -97.158333 3
36.982388 -97.217827 3
36.915932 -97.248543 3
36.924934 -97.178162 3
36.994854 -97.142853 3
36.929928 -97.112709 3
36.938934 -97.176109 3
36.917503 -97.254166 3
36.954212 -97.182533 3
36.984013 -97.205269 3
36.940113 -97.188904 3
36.917435 -97.136749 3
36.916454 -97.128113 3
36.947472 -97.109848 3
36.929085 -97.206581 3
36.995773 -97.150894 3
36.918755 -97.244598 3
36.920784 -97.194733 3
36.913704 -97.218773 3
36.913673 -97.222961 3
36.967075 -97.187454 3
36.96246 -97.125252 3
36.947529 -97.07045 3
36.942505 -97.199486 3
36.968143 -97.180305 3
36.993366 -97.18898 3
36.924923 -97.216972 3
36.935841 -97.094505 3
36.9305 -97.191025 3
36.947704 -97.081589 3
36.962265 -97.235397 3
36.983402 -97.212776 3
36.962444 -97.167595 3
36.908844 -97.258781 3
36.958801 -97.11393 3
36.915142 -97.166573 3
36.943153 -97.229675 3
36.929333 -97.168175 3
36.978752 -97.131142 3
36.939785 -97.170013 3
36.967243 -97.175674 3
36.925732 -97.223785 3
36.942852 -97.195732 3
36.931488 -97.132126 3
36.921303 -97.190948 3
36.928604 -97.151169 3
36.915314 -97.170441 3
36.942783 -97.214882 3
36.939995 -97.153931 3
36.96233 -97.225327 3
36.429581 -97.522438 8
36.410133 -97.410912 8
36.424934 -97.53051 8
36.41016 -97.41935 8
36.411022 -97.405914 8
36.427185 -97.526352 8
36.413483 -97.48085 8
36.381451 -97.392456 8
36.402969 -97.481506 8
36.416145 -97.463318 8
36.429489 -97.51812 8
36.381981 -97.396965 8
36.411007 -97.401192 8
36.381512 -97.411751 8
36.386959 -97.475609 8
36.381748 -97.401466 8
36.385273 -97.5075 8
36.385456 -97.485367 8
36.41412 -97.508377 8
36.363766 -97.385841 8
36.406635 -97.518318 8
36.377796 -97.447525 8
36.40276 -97.490326 8
36.386738 -97.379311 8
36.392536 -97.446732 8
36.38723 -97.466026 8
36.40316 -97.53936 8
36.365608 -97.419243 8
36.414047 -97.547585 8
36.393002 -97.410881 8
36.410717 -97.432724 8
36.384739 -97.511879 8
36.392479 -97.420433 8
36.365635 -97.414604 8
36.393185 -97.401581 8
36.402279 -97.522903 8
36.366085 -97.401596 8
36.412716 -97.539215 8
36.413422 -97.475029 8
36.385105 -97.481049 8
36.388618 -97.470963 8
36.403244 -97.397263 8
36.403564 -97.39238 8
36.40271 -97.48597 8
36.370808 -97.360832 8
36.381363 -97.406097 8
36.387871 -97.428612 8
36.364708 -97.405487 8
36.386478 -97.374458 8
36.414337 -97.485207 8
36.393105 -97.456612 8
36.381294 -97.437195 8
36.410862 -97.428413 8
36.378235 -97.387932 8
36.365475 -97.410255 8
36.409973 -97.446228 8
36.402935 -97.499039 8
36.393139 -97.452141 8
36.402458 -97.508095 8
36.403034 -97.512413 8
36.365669 -97.397133 8
36.387943 -97.499687 8
36.415401 -97.521713 8
36.402996 -97.494698 8
36.410538 -97.423912 8
36.410736 -97.440857 8
36.387333 -97.503998 8
36.417347 -97.467422 8
36.402794 -97.503494 8
36.41098 -97.534676 8
36.414932 -97.471123 8
36.392948 -97.406136 8
36.381588 -97.450981 8
36.384991 -97.489792 8
36.38475 -97.494179 8
36.410694 -97.454956 8
36.38459 -97.361336 8
36.364983 -97.423828 8
36.413612 -97.543335 8
36.410927 -97.415176 8
36.413082 -97.450638 8
36.386841 -97.384155 8
36.370907 -97.36544 8
36.385166 -97.43322 8
36.388077 -97.424034 8
36.392941 -97.415771 8
36.365215 -97.392365 8
36.370899 -97.369728 8
36.932438 -97.495522 3
36.877407 -97.473755 3
36.923729 -97.468712 9
36.938057 -97.523117 9
36.921051 -97.424721 9
36.920444 -97.433266 9
36.874043 -97.465126 3
36.937946 -97.527145 9
36.936314 -97.537323 9
36.910473 -97.482559 9
36.880882 -97.48616 3
36.903793 -97.430099 9
36.924339 -97.447243 9
36.903942 -97.434502 9
36.924583 -97.477577 9
36.917572 -97.504799 9
36.909412 -97.402939 9
36.917011 -97.442902 9
36.910503 -97.398056 9
36.935917 -97.509232 9
36.910389 -97.486992 9
36.904011 -97.439873 9
36.918499 -97.510178 9
36.92379 -97.464622 9
36.910458 -97.476265 9
36.939323 -97.549973 3
36.910446 -97.491287 9
36.909611 -97.406715 9
36.920528 -97.429085 9
36.92347 -97.473099 9
36.924255 -97.45192 9
36.925148 -97.460106 9
36.932636 -97.491348 9
36.924435 -97.456001 9
36.910507 -97.393349 9
36.907677 -97.460197 9
36.892094 -97.478355 9
36.922451 -97.514107 9
36.932129 -97.500572 9
36.936512 -97.514099 9
36.922985 -97.53212 9
36.874191 -97.469429 3
36.934723 -97.505043 9
36.922035 -97.523643 9
36.91037 -97.47226 9
36.932522 -97.486862 9
36.902206 -97.496208 9
36.920261 -97.528198 9
36.879147 -97.478577 3
36.918839 -97.438255 9
36.913818 -97.52066 3
36.937958 -97.519173 9
36.920528 -97.42041 9
36.914291 -97.416817 9
36.879532 -97.491638 3
36.910385 -97.466492 9
36.931007 -97.48278 9
36.939384 -97.545715 9
36.89476 -97.492325 9
36.892052 -97.483902 9
37.135605 -97.30912 10
37.112999 -97.263763 10
37.126793 -97.335533 10
37.150196 -97.381454 10
37.125275 -97.285591 10
37.142368 -97.298233 10
37.116962 -97.32193 10
37.119194 -97.294418 10
37.07972 -97.21788 10
37.157482 -97.359299 10
37.146255 -97.387032 10
37.157463 -97.363091 10
37.091782 -97.226982 10
37.143459 -97.290794 10
37.142391 -97.331406 10
37.135323 -97.301147 10
37.13448 -97.354904 10
37.132629 -97.326569 10
37.135902 -97.314873 10
37.091736 -97.233391 10
37.150242 -97.372787 10
37.150242 -97.326134 10
37.134598 -97.35099 10
37.109394 -97.250755 10
37.091709 -97.236664 10
37.125149 -97.290161 10
37.124763 -97.277603 10
37.076508 -97.205727 10
37.088474 -97.248405 10
37.135174 -97.318962 10
37.118298 -97.302284 10
37.124317 -97.243256 10
37.154385 -97.354034 10
37.127296 -97.258339 10
37.150391 -97.377434 10
37.124966 -97.254517 10
37.073807 -97.178047 10
37.124958 -97.247009 10
37.13324 -97.272163 10
37.133419 -97.322006 10
37.126316 -97.26622 10
37.143375 -97.342171 10
37.091774 -97.230362 10
37.140984 -97.3349 10
37.128494 -97.261925 10
37.080025 -97.188339 10
37.139969 -97.381462 10
37.073135 -97.182014 10
37.119804 -97.327438 10
37.113251 -97.259972 10
37.10593 -97.245865 10
37.118446 -97.309135 10
37.120056 -97.34494 10
37.087509 -97.24472 10
37.132061 -97.345352 10
37.106388 -97.242126 10
37.124935 -97.281456 10
37.146011 -97.390823 10
37.134796 -97.362061 10
37.12241 -97.341766 10
37.150635 -97.322388 10
37.143505 -97.294655 10
37.149635 -97.368301 10
37.124893 -97.25074 10
37.128326 -97.332001 10
37.143333 -97.345909 10
37.080814 -97.199623 10
37.118374 -97.297989 10
37.154305 -97.350243 10
37.135929 -97.278152 10
37.080124 -97.222198 10
37.079575 -97.213844 10
37.080166 -97.19593 10
37.138866 -97.373238 10
37.136402 -97.305519 10
36.56789 -97.312149 11
36.541332 -97.250137 11
36.566719 -97.459282 11
36.57061 -97.303055 2
36.570427 -97.213509 11
36.570297 -97.424438 11
36.55632 -97.271912 11
36.570225 -97.419708 11
36.629063 -97.411064 11
36.569744 -97.186867 11
36.545414 -97.258835 11
36.570515 -97.172363 11
36.632317 -97.383553 11
36.529789 -97.289848 11
36.568134 -97.168312 11
36.561596 -97.340897 11
36.570415 -97.437012 11
36.566879 -97.376419 11
36.560738 -97.392822 11
36.562866 -97.099358 11
36.570267 -97.446442 11
36.579308 -97.16362 11
36.603416 -97.387848 11
36.570477 -97.164139 11
36.570938 -97.298569 11
36.558628 -97.325119 11
36.558411 -97.101402 11
36.565983 -97.380722 11
36.57822 -97.155228 11
36.532017 -97.298683 11
36.569874 -97.280701 11
36.55286 -97.296867 11
36.573177 -97.202675 11
36.56538 -97.477501 11
36.625099 -97.387352 2
36.570702 -97.207466 11
36.585171 -97.292915 11
36.568428 -97.450645 11
36.54137 -97.254913 11
36.573071 -97.413292 11
36.559082 -97.334747 11
36.570076 -97.132759 11
36.627151 -97.406487 11
36.556702 -97.328995 2
36.552128 -97.291351 11
36.566887 -97.123573 11
36.630505 -97.379532 11
36.530678 -97.302849 11
36.57008 -97.431839 11
36.58123 -97.159645 11
36.570564 -97.316383 11
36.589211 -97.158485 11
36.574017 -97.194527 2
36.566864 -97.231209 11
36.625408 -97.397552 11
36.555859 -97.267067 11
36.568413 -97.218315 11
36.569557 -97.473503 11
36.562035 -97.321724 11
36.533642 -97.293739 2
36.573185 -97.405563 11
36.56168 -97.275368 11
36.548637 -97.284897 11
36.568436 -97.191216 11
36.58527 -97.302864 11
36.546059 -97.280739 2
36.585232 -97.298294 11
36.527344 -97.305962 11
36.570782 -97.441811 11
36.613369 -97.406181 11
36.567635 -97.091446 11
36.558376 -97.388435 11
36.626453 -97.416206 11
36.573154 -97.495476 2
36.567181 -97.237167 11
36.568863 -97.455414 11
36.605324 -97.392853 11
36.570732 -97.325989 11
36.548763 -97.262573 11
36.606594 -97.384232 11
36.571037 -97.320892 11
36.609726 -97.380539 11
36.626095 -97.375191 11
36.529579 -97.285431 11
36.563427 -97.24324 11
36.605579 -97.39859 11
36.574787 -97.4011 11
36.574417 -97.396248 2
36.610493 -97.37085 11
36.614891 -97.410835 11
36.566204 -97.096985 11
36.611946 -97.365845 11
36.566055 -97.463745 11
36.555969 -97.106064 11
36.528137 -97.241455 11
36.574226 -97.486008 2
36.555672 -97.113609 11
36.567955 -97.181808 11
36.575188 -97.198898 11
36.582439 -97.288727 11
36.52911 -97.275833 11
36.567463 -97.225708 11
36.556053 -97.119751 11
36.570744 -97.222198 11
36.573864 -97.490707 2
36.571632 -97.468727 11
36.625076 -97.402 11
36.591675 -97.16346 11
36.568962 -97.307091 2
36.52919 -97.280716 11
36.56712 -97.12851 11
36.609844 -97.402611 11
36.569374 -97.176636 11
36.562908 -97.349152 11
36.560364 -97.398277 11
36.531227 -97.244911 11
36.570076 -97.293793 11
36.566051 -97.352646 11
36.566032 -97.385239 11
36.605915 -97.377029 11
