57
88.0701754385965 116.0 0.13 2.3
4.0 0.92 177
4.5 0.89 272
5.0 0.87 389
5.5 0.85 538
6.0 0.84 697
6.5 0.84 876
7.0 0.83 1084
7.5 0.82 1304
8.0 0.79 1528
8.5 0.74 1738
9.0 0.67 1905
9.5 0.6 2076
10.0 0.53 2179
10.5 0.46 2240
11.0 0.39 2278
11.5 0.34 2300
12.0 0.29 2300
12.5 0.26 2300
13.0 0.23 2300
13.5 0.2 2300
14.0 0.18 2300
14.5 0.16 2300
15.0 0.15 2300
15.5 0.13 2300
16.0 0.12 2300
16.5 0.11 2300
17.0 0.1 2300
17.5 0.1 2300
18.0 0.09 2300
18.5 0.08 2300
19.0 0.08 2300
19.5 0.07 2300
20.0 0.07 2300
20.5 0.06 2300
21.0 0.06 2300
21.5 0.06 2300
22.0 0.05 2300
22.5 0.05 1200
23.0 0.05 1200
23.5 0.05 1200
24.0 0.05 1200
24.5 0.05 1200
25.0 0.05 1200
25.5 0.05 1200
26.0 0.05 1200
26.5 0.05 1200
27.0 0.05 1200
27.5 0.05 1200
28.0 0.05 1200
28.5 0.05 1200
29.0 0.05 1200
29.5 0.05 1200
30.0 0.05 1200
30.5 0.05 1200
31.0 0.05 1200
31.5 0.05 1200
32.0 0.05 1200
