48
87.0 126.0 0.13 3.45
4.0 0.829 186
4.5 0.816 313
5.0 0.811 463
5.5 0.819 636
6.0 0.816 838
6.5 0.809 1075
7.0 0.801 1353
7.5 0.793 1669
8.0 0.785 2025
8.5 0.77 2414
9.0 0.726 2805
9.5 0.655 3143
10.0 0.578 3398
10.5 0.498 3539
11.0 0.425 3591
11.5 0.362 3599
12.0 0.312 3600
12.5 0.272 3600
13.0 0.24 3600
13.5 0.214 3600
14.0 0.191 3600
14.5 0.171 3600
15.0 0.154 3600
15.5 0.139 3600
16.0 0.127 3600
16.5 0.116 3600
17.0 0.106 3600
17.5 0.098 3600
18.0 0.09 3600
18.5 0.084 3600
19.0 0.077 3600
19.5 0.072 3599
20.0 0.067 3588
20.5 0.061 3517
21.0 0.055 3349
21.5 0.049 3113
22.0 0.042 2853
22.5 0.037 2605
23.0 0.032 2355
23.5 0.027 2103
24.0 0.023 1860
24.5 0.02 1635
25.0 0.017 1408
25.5 0.015 1246
26.0 0.013 1116
26.5 0.012 1060
27.0 0.012 1036
27.5 0.011 1035
