45
81.0 140.0 0.13 3.4
4.0 0.8787 289
4.5 0.8591 420
5.0 0.8248 582
5.5 0.8137 778
6.0 0.801 1007
6.5 0.7997 1272
7.0 0.8005 1574
7.5 0.7831 1876
8.0 0.7471 2172
8.5 0.6879 2420
9.0 0.6242 2656
9.5 0.5613 2857
10.0 0.4924 3023
10.5 0.4258 3152
11.0 0.3636 3249
11.5 0.3163 3301
12.0 0.2766 3334
12.5 0.2434 3359
13.0 0.2162 3374
13.5 0.1919 3383
14.0 0.1717 3390
14.5 0.1545 3394
15.0 0.1397 3393
15.5 0.1267 3394
16.0 0.1154 3393
16.5 0.1056 3380
17.0 0.0969 3344
17.5 0.0892 3275
18.0 0.0815 3171
18.5 0.0736 3025
19.0 0.0653 2893
19.5 0.0567 2699
20.0 0.0488 2546
20.5 0.0424 2436
21.0 0.0373 2334
21.5 0.0335 2257
22.0 0.0307 2200
22.5 0.0285 2161
23.0 0.0268 2135
23.5 0.0251 2123
24.0 0.0238 2113
24.5 0.0226 2109
25.0 0.0215 2105
25.5 0.0206 2103
26.0 0.0196 2102
