40.944307 -88.297624 12
40.90906 -88.312282 12
40.902195 -88.297179 12
40.882471 -88.332703 12
40.866333 -88.314687 12
41.028349 -88.275196 12
41.013766 -88.275371 12
40.971351 -88.287343 12
40.925236 -88.269043 12
40.88257 -88.323413 12
40.901666 -88.285882 12
40.890474 -88.303464 12
40.893947 -88.326079 12
40.909068 -88.278824 12
40.916598 -88.266221 12
40.904503 -88.345196 12
40.912157 -88.336179 12
40.919378 -88.314566 12
40.957873 -88.343844 12
40.919803 -88.285562 12
40.880762 -88.312698 12
41.020875 -88.269678 12
40.933535 -88.306021 12
40.919267 -88.295653 12
40.944348 -88.354371 12
40.953548 -88.311825 12
40.945687 -88.275764 12
40.941602 -88.27091 12
40.930451 -88.296286 12
40.931196 -88.276577 12
40.915253 -88.329372 12
40.955258 -88.35309 12
40.968309 -88.335239 12
40.94535 -88.328014 12
40.961785 -88.319219 12
40.955289 -88.306027 12
40.958469 -88.291659 12
40.955813 -88.277585 12
40.88912 -88.311831 12
41.03575 -88.265141 12
40.98723 -88.336799 12
41.000019 -88.32154 12
40.988431 -88.311859 12
40.989883 -88.301783 12
40.988653 -88.291059 12
40.889627 -88.342762 12
40.925738 -88.318338 12
41.003554 -88.340352 12
41.002276 -88.331415 12
40.989646 -88.282757 12
40.999815 -88.283079 12
41.005108 -88.269382 12
40.970293 -88.261835 12
40.970155 -88.320223 12
40.88823 -88.349875 12
40.994895 -88.366093 12
40.918605 -88.346541 12
40.903902 -88.270223 12
40.929908 -88.347227 12
40.853268 -88.349442 12
40.856352 -88.344243 12
40.873911 -88.346943 12
40.867439 -88.344945 12
40.853349 -88.29116 12
40.937952 -88.349564 12
40.873107 -88.308443 12
40.9882 -88.330875 12
41.003691 -88.275301 12
40.948135 -88.289446 12
40.959324 -88.334739 12
40.9448 -88.336192 12
40.977519 -88.300937 12
40.983737 -88.365852 12
40.867172 -88.293778 12
40.897626 -88.279903 12
40.849993 -88.325139 12
40.976496 -88.254379 12
40.853798 -88.307173 12
41.028137 -88.258951 12
40.966595 -88.309786 12
40.975148 -88.311103 12
