33
95.0 110.0 0.13 2.0
4.0 0.922 174
4.5 0.88 268
5.0 0.864 376
5.5 0.864 498
6.0 0.859 640
6.5 0.848 832
7.0 0.84 1048
7.5 0.832 1293
8.0 0.819 1565
8.5 0.764 1821
9.0 0.65 1962
9.5 0.522 2000
10.0 0.428 2000
10.5 0.359 2000
11.0 0.308 2000
11.5 0.266 2000
12.0 0.233 2000
12.5 0.205 2000
13.0 0.182 2000
13.5 0.164 2000
14.0 0.147 2000
14.5 0.133 2000
15.0 0.12 2000
15.5 0.109 2000
16.0 0.1 2000
16.5 0.092 2000
17.0 0.085 2000
17.5 0.078 2000
18.0 0.073 2000
18.5 0.068 2000
19.0 0.063 2000
19.5 0.059 2000
20.0 0.055 2000
