40.633232 -87.354095 1
40.626392 -87.364853 1
40.652973 -87.408257 1
40.630081 -87.329536 1
40.630211 -87.336304 1
40.639122 -87.372185 1
40.646584 -87.329018 1
40.654613 -87.414825 1
40.634941 -87.337502 1
40.617352 -87.401451 1
40.663193 -87.391983 1
40.646141 -87.388802 1
40.616611 -87.410385 1
40.644073 -87.413292 1
40.644691 -87.348038 1
40.642101 -87.353363 1
40.658951 -87.405403 1
40.641792 -87.330772 1
40.626221 -87.340141 1
40.641781 -87.407356 1
40.643536 -87.39502 1
40.612591 -87.397331 1
40.623802 -87.405968 1
40.644554 -87.401848 1
40.653023 -87.392807 1
40.630093 -87.401924 1
40.629902 -87.415108 1
40.631054 -87.395668 1
40.630741 -87.408295 1
40.628933 -87.384605 1
40.632862 -87.38887 1
40.648403 -87.353996 1
40.620213 -87.415672 1
40.627453 -87.378456 1
40.642361 -87.338196 1
40.654373 -87.336273 1
40.623741 -87.356575 1
40.616604 -87.391151 1
40.626904 -87.392166 1
40.624302 -87.387505 1
40.638969 -87.388718 1
40.636204 -87.400787 1
40.641262 -87.383957 1
40.658272 -87.391953 1
40.651554 -87.376602 1
40.648022 -87.407257 1
40.645782 -87.334442 1
40.634792 -87.331146 1
40.636101 -87.406975 1
40.637543 -87.364357 1
40.644733 -87.366585 1
40.643833 -87.378258 1
40.638103 -87.394722 1
40.638062 -87.357956 1
40.611202 -87.421127 1
40.654423 -87.330612 1
40.635292 -87.413803 1
40.625763 -87.351883 1
40.640152 -87.345055 1
40.615753 -87.377747 1
40.646511 -87.372765 1
40.658672 -87.385582 1
40.630352 -87.347626 1
40.631321 -87.373405 1
40.626453 -87.372314 1
41.148693 -88.60099 2
41.134892 -88.637993 2
41.157192 -88.598694 2
41.149792 -88.612495 2
41.13459 -88.618591 2
41.113693 -88.630692 2
41.143692 -88.613197 2
41.143593 -88.594894 2
41.12709 -88.612892 2
41.135292 -88.612892 2
41.130493 -88.609894 2
41.139091 -88.588791 2
41.145393 -88.600098 2
41.126091 -88.608093 2
41.109894 -88.648293 2
41.145592 -88.636597 2
41.147591 -88.631996 2
41.133991 -88.588692 2
41.110291 -88.660591 2
41.139294 -88.613693 2
41.126591 -88.632195 2
41.13409 -88.597893 2
41.149693 -88.636597 2
41.131493 -88.588692 2
41.13549 -88.591393 2
41.158291 -88.594292 2
41.146091 -88.616493 2
41.127892 -88.636292 2
41.146992 -88.621391 2
41.164494 -88.594292 2
41.142391 -88.631798 2
41.138893 -88.632797 2
41.118893 -88.597992 2
41.15789 -88.632797 2
41.116791 -88.612694 2
41.128891 -88.627594 2
41.118992 -88.617592 2
41.109692 -88.630295 2
41.145691 -88.627495 2
41.135193 -88.629593 2
41.131493 -88.622498 2
41.157692 -88.613197 2
41.149693 -88.627594 2
41.158394 -88.588997 2
41.110592 -88.612595 2
41.113293 -88.590591 2
41.109993 -88.617897 2
41.124592 -88.636795 2
41.132111 -88.595146 2
41.142891 -88.617294 2
41.149593 -88.608192 2
41.161194 -88.610191 2
41.153793 -88.601593 2
41.160992 -88.589294 2
41.119293 -88.613991 2
41.113491 -88.617996 2
41.130192 -88.639091 2
41.113693 -88.636993 2
41.163692 -88.613792 2
41.161491 -88.633095 2
41.14159 -88.598396 2
41.128391 -88.603195 2
41.145393 -88.590691 2
41.110092 -88.59819 2
41.114094 -88.597496 2
41.113392 -88.655396 2
41.131393 -88.633797 2
41.110092 -88.588593 2
41.190891 -88.518997 2
41.134293 -88.560097 2
41.157692 -88.502693 2
41.146191 -88.545296 2
41.168293 -88.574196 2
41.179192 -88.554092 2
41.177994 -88.506691 2
41.191891 -88.497093 2
41.161591 -88.507492 2
41.13599 -88.544495 2
41.164791 -88.531494 2
41.148693 -88.564796 2
41.18589 -88.576096 2
41.184193 -88.507896 2
41.174892 -88.498093 2
41.172092 -88.575691 2
41.190392 -88.482796 2
41.160793 -88.535591 2
41.173092 -88.542397 2
41.193691 -88.508698 2
41.138992 -88.554398 2
41.193493 -88.553696 2
41.164391 -88.545197 2
41.133293 -88.554398 2
41.175694 -88.483696 2
41.193493 -88.532196 2
41.125294 -88.577797 2
41.211491 -88.528992 2
41.128891 -88.554893 2
41.215794 -88.533096 2
41.164593 -88.502991 2
41.199692 -88.508492 2
41.14249 -88.507492 2
41.114594 -88.581497 2
41.164494 -88.555893 2
41.176292 -88.560593 2
41.191593 -88.560097 2
41.150093 -88.555092 2
41.186493 -88.539696 2
41.186893 -88.486191 2
41.176193 -88.520393 2
41.132092 -88.572891 2
41.110493 -88.54409 2
41.131893 -88.544197 2
41.20129 -88.522392 2
41.157593 -88.511993 2
41.190491 -88.545395 2
41.131592 -88.564995 2
41.11639 -88.541397 2
41.138893 -88.560593 2
41.192593 -88.525497 2
41.171791 -88.536095 2
41.146294 -88.579491 2
41.160892 -88.521797 2
41.140591 -88.583298 2
41.172092 -88.584297 2
41.150192 -88.526596 2
41.161293 -88.54129 2
41.164291 -88.526093 2
41.157093 -88.579597 2
41.155392 -88.488396 2
41.172993 -88.553795 2
41.18679 -88.532494 2
41.13599 -88.550095 2
41.153893 -88.583794 2
41.110191 -88.550491 2
41.17609 -88.570091 2
41.182892 -88.555092 2
41.110092 -88.56369 2
41.157791 -88.493195 2
41.124992 -88.552094 2
41.111492 -88.569298 2
41.141991 -88.572594 2
41.176491 -88.525391 2
41.189693 -88.502296 2
41.146992 -88.551697 2
41.194191 -88.478996 2
41.197491 -88.541992 2
41.197693 -88.53289 2
41.170094 -88.503296 2
41.154591 -88.560097 2
41.160793 -88.56089 2
41.160591 -88.573891 2
41.201092 -88.497597 2
41.189793 -88.555695 2
41.110394 -88.583992 2
41.130894 -88.579895 2
41.186291 -88.559593 2
41.156994 -88.541092 2
41.146591 -88.507591 2
41.142693 -88.550591 2
41.184593 -88.498093 2
41.186691 -88.545692 2
41.160591 -88.58419 2
41.189793 -88.536896 2
41.170193 -88.484993 2
41.13549 -88.583992 2
41.20219 -88.531494 2
41.147793 -88.536095 2
41.144093 -88.50209 2
41.169594 -88.579391 2
41.185192 -88.526993 2
41.114292 -88.573997 2
41.18679 -88.551094 2
41.126591 -88.569992 2
41.118893 -88.579796 2
41.154694 -88.507294 2
41.179291 -88.536194 2
41.168091 -88.535492 2
41.168591 -88.541092 2
41.197491 -88.527397 2
41.160992 -88.496597 2
41.16069 -88.552193 2
41.172291 -88.560295 2
41.147892 -88.514595 2
41.143291 -88.515297 2
41.144192 -88.522797 2
41.162693 -88.515892 2
41.178791 -88.513191 2
41.189892 -88.513191 2
41.146492 -88.559097 2
41.164993 -88.484093 2
41.120193 -88.573692 2
41.142792 -88.558495 2
41.154091 -88.498093 2
41.173393 -88.515198 2
41.155891 -88.517494 2
41.170593 -88.496895 2
41.197792 -88.522591 2
41.150494 -88.505692 2
41.164291 -88.577698 2
41.154892 -88.574593 2
40.721924 -88.845268 3
40.590332 -88.664284 4
40.683647 -88.848068 3
40.635022 -88.667683 4
40.698318 -88.808235 3
40.673195 -88.791191 3
40.673737 -88.748367 3
40.590961 -88.640541 3
40.709843 -88.778175 3
40.615818 -88.653084 3
40.643215 -88.723869 3
40.608475 -88.698845 3
40.716343 -88.816315 3
40.683655 -88.836464 3
40.626484 -88.7201 3
40.672498 -88.816454 3
40.679839 -88.809842 3
40.587032 -88.653076 3
40.72126 -88.759094 3
40.586384 -88.671242 3
40.630424 -88.713036 3
40.704742 -88.837044 3
40.715401 -88.824364 3
40.620792 -88.715714 3
40.674038 -88.740005 3
40.692949 -88.799291 3
40.723969 -88.825951 3
40.70327 -88.734596 4
40.685708 -88.76943 3
40.705715 -88.828918 3
40.598213 -88.714592 3
40.601147 -88.695122 3
40.717018 -88.778664 3
40.703529 -88.724358 3
40.69075 -88.854469 3
40.662132 -88.822937 3
40.575512 -88.576683 3
40.70565 -88.807671 3
40.630428 -88.722313 3
40.709557 -88.790512 3
40.68858 -88.780411 3
40.705612 -88.7883 3
40.59367 -88.652962 3
40.612347 -88.719337 3
40.700802 -88.740067 4
40.686283 -88.744415 3
40.599266 -88.664726 4
40.687603 -88.729286 3
40.701896 -88.754042 3
40.693302 -88.730171 3
40.629662 -88.667 4
40.674763 -88.829994 3
40.624077 -88.690536 3
40.673687 -88.729919 3
40.679669 -88.844859 3
40.604801 -88.718788 3
40.657599 -88.829396 3
40.715508 -88.784348 3
40.606281 -88.714134 3
40.722267 -88.863922 3
40.624672 -88.672578 4
40.622952 -88.696152 3
40.702885 -88.769058 3
40.600735 -88.658318 3
40.720123 -88.850197 3
40.709557 -88.80986 3
40.691577 -88.804392 3
40.695175 -88.76033 3
40.595921 -88.598976 3
40.678009 -88.782931 3
40.72385 -88.840027 3
40.696156 -88.83551 3
40.598969 -88.6436 3
40.626663 -88.737404 3
40.672062 -88.753532 3
40.688469 -88.790657 3
40.702179 -88.84272 3
40.644794 -88.719208 3
40.608356 -88.709068 3
40.584846 -88.58149 4
40.699615 -88.722145 3
40.592232 -88.658669 3
40.580909 -88.57786 3
40.710056 -88.830879 3
40.616646 -88.69088 3
40.627518 -88.730339 3
40.657352 -88.848747 3
40.619095 -88.720924 3
40.678082 -88.815819 3
40.669079 -88.853493 3
40.662102 -88.831085 3
40.60585 -88.728668 3
40.591354 -88.596199 3
40.684235 -88.787674 3
40.692593 -88.701157 5
40.711269 -88.658066 5
40.671391 -88.645477 5
40.707211 -88.695877 5
40.688683 -88.710938 5
40.671513 -88.662193 5
40.717533 -88.662758 5
40.633411 -88.634293 5
40.633652 -88.615356 5
40.671242 -88.652367 5
40.677834 -88.692665 5
40.658062 -88.634956 5
40.626282 -88.646675 5
40.687881 -88.666496 5
40.736713 -88.634346 5
40.744751 -88.644226 5
40.707264 -88.690742 5
40.692734 -88.686066 5
40.717361 -88.675728 5
40.696312 -88.689247 5
40.733761 -88.649643 5
40.643482 -88.627235 5
40.671185 -88.657333 5
40.643864 -88.621826 5
40.717453 -88.669106 5
40.626122 -88.634277 5
40.658264 -88.629868 5
40.643242 -88.616455 5
40.690083 -88.724556 5
40.677711 -88.707123 5
40.677776 -88.700546 5
40.692551 -88.705887 5
40.626213 -88.640434 5
40.717251 -88.686783 5
40.671543 -88.632835 5
40.740284 -88.638634 5
40.707592 -88.666122 5
40.694942 -88.657455 5
40.706932 -88.705467 5
40.633602 -88.629402 5
40.633953 -88.620277 5
40.677729 -88.712281 5
40.643322 -88.638847 5
40.643291 -88.634354 5
40.717293 -88.681686 5
40.733212 -88.658546 5
40.677891 -88.684036 5
40.702732 -88.681496 5
40.678001 -88.676384 5
40.658073 -88.641075 5
40.643581 -88.648674 5
40.707314 -88.653435 5
40.694332 -88.663536 5
40.633442 -88.639297 5
40.688152 -88.653435 5
40.707561 -88.672447 5
40.706963 -88.700897 5
40.236591 -87.901596 6
40.197792 -87.920395 6
40.18819 -87.811394 6
40.176991 -87.87429 6
40.241993 -87.998497 6
40.228291 -87.906693 6
40.210625 -87.937347 6
40.216892 -87.920494 6
40.244392 -87.874397 6
40.234993 -87.913292 6
40.232094 -87.835594 6
40.235394 -87.895691 6
40.188293 -87.822495 6
40.197594 -87.827194 6
40.245792 -87.956993 6
40.205193 -87.858597 6
40.222591 -87.896393 6
40.235893 -87.971291 6
40.213993 -87.889893 6
40.20829 -87.809395 6
40.176594 -87.823593 6
40.250992 -87.895691 6
40.234791 -87.918991 6
40.199493 -87.790092 6
40.19379 -87.785797 6
40.24229 -87.983498 6
40.232094 -87.839394 6
40.231892 -87.843796 6
40.184593 -87.87059 6
40.222794 -87.888794 6
40.177094 -87.862991 6
40.253391 -87.886993 6
40.252693 -87.913994 6
40.178192 -87.893394 6
40.217991 -87.862091 6
40.234692 -88.004593 6
40.258892 -87.970993 6
40.177994 -87.899094 6
40.212494 -87.932198 6
40.246693 -87.995193 6
40.247391 -87.917694 6
40.235191 -87.880692 6
40.178993 -87.851494 6
40.214592 -87.853096 6
40.187492 -87.914597 6
40.188293 -87.816093 6
40.257092 -87.977791 6
40.184193 -87.865395 6
40.208794 -87.898392 6
40.24509 -87.977997 6
40.18819 -87.830597 6
40.207893 -87.835793 6
40.244991 -87.884193 6
40.236191 -87.874992 6
40.234592 -87.995491 6
40.252392 -87.974297 6
40.222591 -87.880898 6
40.177891 -87.857391 6
40.191692 -87.795891 6
40.191994 -87.876694 6
40.266991 -87.97039 6
40.236992 -87.939995 6
40.203693 -87.875496 6
40.198692 -87.934196 6
40.244492 -87.894493 6
40.234894 -87.926598 6
40.204491 -87.839592 6
40.234791 -87.922791 6
40.187191 -87.774994 6
40.200691 -87.809692 6
40.195393 -87.835197 6
40.176991 -87.868896 6
40.266693 -87.983292 6
40.234791 -87.931396 6
40.200592 -87.907593 6
40.227993 -87.914993 6
40.213192 -87.877693 6
40.177292 -87.816994 6
40.231392 -87.864891 6
40.230091 -88.008293 6
40.191593 -87.882492 6
40.248493 -87.87989 6
40.266792 -87.975296 6
40.242691 -87.990791 6
40.222092 -87.868896 6
40.252193 -87.921494 6
40.24649 -87.932991 6
40.200493 -87.81459 6
40.200691 -87.912796 6
40.213791 -87.871796 6
40.242691 -87.842094 6
40.236393 -87.907494 6
40.242691 -87.845993 6
40.222492 -87.973297 6
40.200394 -87.819595 6
40.211891 -87.894997 6
40.266693 -87.979294 6
40.243092 -88.004791 6
40.195492 -87.838898 6
40.252392 -87.877296 6
40.241993 -87.994797 6
40.19149 -87.865196 6
40.24929 -87.990593 6
40.203392 -87.882195 6
40.198391 -87.927895 6
40.207993 -87.828697 6
40.236492 -88.008293 6
40.211491 -87.84819 6
40.242592 -87.849892 6
40.234894 -87.935196 6
40.251091 -87.900093 6
40.187592 -87.907593 6
40.177593 -87.882294 6
40.202393 -87.802391 6
40.244892 -87.938995 6
40.235291 -87.887093 6
40.22179 -87.835991 6
40.222893 -87.926598 6
40.246693 -87.925697 6
40.188492 -87.806992 6
40.185791 -87.784691 6
40.185993 -87.780495 6
40.187393 -87.926491 6
40.195492 -87.84259 6
40.178993 -87.887596 6
40.231991 -87.849197 6
40.221191 -87.990997 6
40.249992 -87.94519 6
40.242191 -88.010597 6
40.221291 -87.875496 6
40.22179 -87.842094 6
40.210491 -87.926598 6
40.212791 -87.883392 6
40.190693 -87.899895 6
40.942791 -88.442291 7
40.982292 -88.474297 7
40.94709 -88.419197 7
40.976891 -88.381897 7
41.001892 -88.452095 7
40.959991 -88.404594 7
41.001991 -88.37619 7
40.947693 -88.374695 7
40.954693 -88.441093 7
40.943291 -88.405991 7
40.968792 -88.384293 7
41.000492 -88.481995 7
40.981091 -88.478096 7
40.987694 -88.392395 7
41.000492 -88.400291 7
40.956593 -88.503693 7
40.956593 -88.508095 7
40.95079 -88.388695 7
41.001385 -88.43766 7
41.00209 -88.371292 7
40.969391 -88.497795 7
41.001392 -88.445396 7
41.000992 -88.409897 7
40.990391 -88.433594 7
40.974392 -88.446396 7
40.951794 -88.494392 7
41.010792 -88.409294 7
41.018692 -88.49649 7
40.94709 -88.423294 7
40.976791 -88.394493 7
40.984592 -88.374496 7
40.95689 -88.473595 7
41.012192 -88.457191 7
41.001892 -88.385094 7
40.955193 -88.488892 7
41.012894 -88.391792 7
40.943192 -88.462997 7
41.017391 -88.424393 7
40.971394 -88.476997 7
41.000393 -88.476692 7
40.974293 -88.451691 7
40.958992 -88.494293 7
40.954891 -88.369591 7
41.001091 -88.487297 7
41.016891 -88.428894 7
40.95359 -88.401398 7
40.925491 -88.459396 7
40.987694 -88.414192 7
40.944592 -88.495796 7
40.956593 -88.428497 7
40.937691 -88.426491 7
41.010792 -88.427094 7
40.959892 -88.408791 7
40.950893 -88.380394 7
40.954792 -88.437195 7
40.990192 -88.446892 7
40.986794 -88.395393 7
40.943092 -88.498695 7
40.943291 -88.458397 7
41.012791 -88.442596 7
40.980991 -88.465691 7
40.956993 -88.462395 7
41.01239 -88.476593 7
40.959892 -88.412796 7
40.961891 -88.437492 7
40.99419 -88.409393 7
40.943291 -88.397896 7
40.942593 -88.467697 7
40.99789 -88.468697 7
40.971291 -88.485291 7
40.95779 -88.497597 7
40.954594 -88.446396 7
41.00489 -88.396194 7
41.00119 -88.441498 7
41.018791 -88.492294 7
41.011093 -88.419197 7
41.000393 -88.404892 7
41.001991 -88.380997 7
40.942291 -88.481895 7
40.95689 -88.466591 7
40.956593 -88.424294 7
41.000492 -88.472595 7
41.015991 -88.439293 7
40.970192 -88.398598 7
41.019093 -88.487892 7
41.019093 -88.483994 7
40.969891 -88.406998 7
40.954792 -88.432091 7
40.974293 -88.488594 7
41.012493 -88.396095 7
40.935593 -88.460091 7
40.97179 -88.493095 7
40.979591 -88.414291 7
41.001392 -88.389091 7
40.946392 -88.408592 7
40.928593 -88.449791 7
40.925491 -88.454895 7
41.004192 -88.458298 7
40.946091 -88.492897 7
41.010891 -88.423096 7
40.956791 -88.477791 7
40.971394 -88.481094 7
40.986691 -88.404396 7
40.96899 -88.460693 7
41.015991 -88.448593 7
40.950191 -88.498894 7
40.969692 -88.410995 7
40.968094 -88.441093 7
40.950893 -88.384491 7
40.971493 -88.424194 7
40.955292 -88.485191 7
40.943192 -88.401794 7
41.013191 -88.451294 7
40.942192 -88.486092 7
40.928593 -88.445694 7
41.01239 -88.472298 7
40.999992 -88.392998 7
40.957691 -88.389595 7
41.012093 -88.463097 7
40.986294 -88.409393 7
41.001694 -88.448692 7
40.940193 -88.389091 7
41.011593 -88.480591 7
40.970791 -88.427597 7
40.95639 -88.456192 7
40.976994 -88.390594 7
40.960194 -88.443192 7
40.939793 -88.447395 7
40.986794 -88.399391 7
40.958893 -88.398293 7
40.957691 -88.393494 7
40.942791 -88.438095 7
40.988491 -88.389496 7
40.957092 -88.459595 7
40.942493 -88.477592 7
40.968792 -88.379997 7
40.986492 -88.449898 7
40.971394 -88.472992 7
40.97179 -88.500793 7
41.012192 -88.460091 7
40.990494 -88.429497 7
40.976593 -88.385994 7
40.937592 -88.430496 7
40.968891 -88.432396 7
40.956692 -88.420097 7
40.970192 -88.402596 7
41.012291 -88.400597 7
40.961594 -88.466194 7
40.954792 -88.375191 7
40.993793 -88.466393 7
40.549793 -87.269791 8
40.603691 -87.224297 2
40.586193 -87.377892 2
40.587692 -87.347992 2
40.598793 -87.35099 2
40.637791 -87.301994 2
40.59119 -87.350792 2
40.57629 -87.387497 2
40.589203 -87.259933 8
40.582314 -87.231133 8
40.585419 -87.254852 8
40.574593 -87.256691 2
40.565594 -87.349396 2
40.63324 -87.253822 2
40.60939 -87.237595 2
40.583992 -87.319191 8
40.579445 -87.235909 2
40.586693 -87.390198 2
40.558193 -87.369095 2
40.53849 -87.267693 8
40.576691 -87.357391 2
40.587692 -87.310196 8
40.57159 -87.372696 2
40.566391 -87.369392 2
40.576591 -87.376694 2
40.55899 -87.354294 2
40.583092 -87.216591 2
40.623791 -87.297897 2
40.632992 -87.241592 2
40.588493 -87.366692 2
40.580791 -87.364792 2
40.611893 -87.216293 2
40.561092 -87.273293 8
40.593693 -87.311096 8
40.637791 -87.255592 2
40.614491 -87.264191 2
40.597393 -87.240196 2
40.599194 -87.271896 2
40.594692 -87.377892 2
40.602291 -87.288292 2
40.603893 -87.295998 2
40.583794 -87.226295 2
40.595993 -87.212296 2
40.60379 -87.316292 8
40.639294 -87.292892 2
40.568394 -87.240791 2
40.582691 -87.354393 2
40.640392 -87.222496 2
40.571892 -87.232391 2
40.584492 -87.307297 8
40.599091 -87.234993 2
40.626392 -87.221291 2
40.587994 -87.222794 2
40.589691 -87.344894 2
40.570793 -87.315491 8
40.54269 -87.272392 8
40.585232 -87.240845 8
40.571091 -87.254395 2
40.553093 -87.376396 2
40.601093 -87.35939 2
40.584393 -87.221092 2
40.566391 -87.28009 8
40.588089 -87.243904 8
40.600792 -87.241493 2
40.598793 -87.355095 2
40.629093 -87.259392 2
40.615093 -87.279594 2
40.589893 -87.373192 2
40.630291 -87.271591 2
40.590294 -87.315796 8
40.637093 -87.288292 2
40.641193 -87.263596 2
40.59539 -87.346497 2
40.609291 -87.271393 2
40.589691 -87.279495 2
40.57159 -87.227493 2
40.586792 -87.340195 8
40.584293 -87.366493 2
40.595894 -87.276695 2
40.637691 -87.261894 2
40.567291 -87.376694 2
40.556591 -87.250992 8
40.640991 -87.279892 2
40.599194 -87.264091 2
40.623493 -87.238091 2
40.542591 -87.230492 8
40.616692 -87.239891 2
40.571991 -87.297592 8
40.585793 -87.212997 2
40.574692 -87.367996 2
40.582291 -87.244995 2
40.571892 -87.272797 8
40.627491 -87.237694 2
40.575993 -87.392097 2
40.575394 -87.349091 2
40.610893 -87.276695 2
40.636593 -87.269791 2
40.568993 -87.25119 2
40.597191 -87.252991 2
40.57439 -87.331993 2
40.580994 -87.261894 2
40.55809 -87.344894 2
40.595493 -87.358292 2
40.62989 -87.214394 2
40.579693 -87.292191 2
40.609993 -87.261795 2
40.617092 -87.253197 2
40.567593 -87.258194 8
40.567093 -87.394691 2
40.528191 -87.282196 8
40.56179 -87.302094 2
40.593193 -87.233192 2
40.640793 -87.271896 2
40.539192 -87.258797 2
40.585091 -87.356995 2
40.557392 -87.334892 2
40.623192 -87.242996 2
40.631393 -87.290497 2
40.587593 -87.334991 8
40.600292 -87.329994 8
40.57579 -87.290291 8
40.552193 -87.274895 8
40.600292 -87.220497 2
40.583691 -87.328194 8
40.561092 -87.290794 8
40.609493 -87.212791 2
40.53916 -87.253907 2
40.597191 -87.317795 8
40.608593 -87.217491 2
40.617493 -87.291496 2
40.528294 -87.276497 8
40.552692 -87.345894 2
40.545792 -87.257195 8
40.588093 -87.301193 8
40.611092 -87.224091 2
40.588894 -87.295891 2
40.637493 -87.212997 2
40.630894 -87.22319 2
40.576794 -87.382492 2
40.578793 -87.222794 2
40.582394 -87.377197 2
40.637192 -87.231293 2
40.567593 -87.302696 8
40.612694 -87.250496 2
40.628792 -87.231392 2
40.583092 -87.370895 2
40.592091 -87.273994 2
40.596394 -87.261597 2
40.617893 -87.260994 2
40.624493 -87.212593 2
40.559593 -87.36499 2
40.553791 -87.367493 2
40.614693 -87.258797 2
40.625729 -87.24955 2
40.582493 -87.396492 2
40.557091 -87.272896 8
40.629791 -87.252495 2
40.589893 -87.392998 2
40.602592 -87.337791 8
40.586491 -87.352592 2
40.593193 -87.238495 2
40.571693 -87.349991 2
40.593391 -87.299591 2
40.625793 -87.225693 2
40.59679 -87.231094 2
40.58839 -87.288895 2
40.611794 -87.283195 2
40.632893 -87.259895 2
40.57019 -87.359596 2
40.614491 -87.230896 2
40.639492 -87.245796 2
40.548092 -87.234795 8
40.565491 -87.356995 2
40.611794 -87.297897 2
40.625393 -87.257996 2
40.602791 -87.235291 2
40.553291 -87.280296 8
40.574493 -87.243393 2
40.568691 -87.31089 8
40.589527 -87.252327 8
40.60379 -87.272293 2
40.580391 -87.38549 2
40.594791 -87.24929 2
40.581093 -87.300697 8
40.630791 -87.276695 2
40.550591 -87.348694 2
40.538891 -87.277992 8
40.622093 -87.221695 2
40.61869 -87.23159 2
40.561993 -87.375397 2
40.582893 -87.388596 2
40.628193 -87.242592 2
40.536293 -87.282593 8
40.588291 -87.383492 2
40.572594 -87.377296 2
40.561592 -87.347191 2
40.551292 -87.369896 2
40.612392 -87.24369 2
40.57159 -87.240791 2
40.571991 -87.33699 2
40.602791 -87.345596 2
40.633091 -87.235794 2
40.57069 -87.326096 2
40.604393 -87.330795 8
40.598991 -87.259094 2
40.590893 -87.377296 2
40.581993 -87.211494 2
40.598392 -87.291794 2
40.565891 -87.336395 2
40.608593 -87.231491 2
40.632915 -87.296158 2
40.587746 -87.272827 2
40.59539 -87.268196 2
40.572891 -87.344498 2
40.609093 -87.255493 2
40.58329 -87.344597 2
40.603691 -87.354095 2
40.627792 -87.290398 2
40.572491 -87.391693 2
40.623791 -87.264496 2
40.589691 -87.213196 2
40.616791 -87.244896 2
40.569592 -87.495094 2
40.553493 -87.455894 2
40.580891 -87.403397 2
40.55899 -87.460991 2
40.568394 -87.421196 2
40.566692 -87.382797 2
40.554493 -87.411896 2
40.545994 -87.518593 2
40.538792 -87.497894 2
40.554291 -87.496994 2
40.58699 -87.457191 2
40.568291 -87.409798 2
40.536892 -87.438194 2
40.574593 -87.41629 2
40.54549 -87.421494 2
40.536793 -87.483498 2
40.570393 -87.485092 2
40.562191 -87.497795 2
40.573193 -87.460197 2
40.542793 -87.497795 2
40.575893 -87.443893 2
40.570293 -87.449997 2
40.569691 -87.500992 2
40.560791 -87.414093 2
40.554993 -87.448196 2
40.547493 -87.479797 2
40.583191 -87.470695 2
40.58049 -87.42189 2
40.538994 -87.409393 2
40.579693 -87.410095 2
40.540394 -87.449692 2
40.590294 -87.431496 2
40.558193 -87.398193 2
40.553291 -87.394691 2
40.559692 -87.475693 2
40.580093 -87.450493 2
40.538391 -87.469093 2
40.594391 -87.439194 2
40.546791 -87.407997 2
40.552292 -87.443291 2
40.557091 -87.42189 2
40.544193 -87.390594 2
40.546093 -87.457497 2
40.541592 -87.462692 2
40.565693 -87.402397 2
40.581791 -87.443794 2
40.560291 -87.406197 2
40.573994 -87.423096 2
40.576591 -87.482292 2
40.59119 -87.465096 2
40.557091 -87.386696 2
40.538692 -87.515594 2
40.590794 -87.413597 2
40.587692 -87.471191 2
40.553291 -87.402496 2
40.546192 -87.495895 2
40.553291 -87.383797 2
40.569794 -87.476295 2
40.575592 -87.432693 2
40.555592 -87.429596 2
40.53709 -87.457596 2
40.570091 -87.457291 2
40.55479 -87.523895 2
40.57209 -87.441391 2
40.572193 -87.410591 2
40.558392 -87.497093 2
40.580193 -87.434196 2
40.585892 -87.429497 2
40.555893 -87.458893 2
40.543591 -87.480095 2
40.554092 -87.468094 2
40.580391 -87.465797 2
40.559483 -87.508125 2
40.542393 -87.507492 2
40.58329 -87.41069 2
40.529091 -87.483597 2
40.540691 -87.487595 2
40.539093 -87.432495 2
40.543694 -87.43309 2
40.585091 -87.446693 2
40.55899 -87.430092 2
40.558392 -87.482895 2
40.546593 -87.449394 2
40.555393 -87.437096 2
40.558891 -87.442291 2
40.589394 -87.449295 2
40.530991 -87.52169 2
40.56089 -87.389595 2
40.58699 -87.412392 2
40.586391 -87.402794 2
40.555191 -87.474197 2
40.590691 -87.404297 2
40.569191 -87.415291 2
40.545193 -87.468193 2
40.57629 -87.46479 2
40.566994 -87.427193 2
40.536694 -87.445595 2
40.551693 -87.478996 2
40.532593 -87.484695 2
40.569592 -87.404495 2
40.574593 -87.451691 2
40.542892 -87.413094 2
40.553291 -87.422493 2
40.550991 -87.408997 2
40.542992 -87.516296 2
40.52589 -87.520897 2
40.570992 -87.383995 2
40.544693 -87.402596 2
40.560291 -87.424492 2
40.584892 -87.463593 2
40.570492 -87.427193 2
40.559994 -87.468796 2
40.555592 -87.515594 2
40.540092 -87.426094 2
40.581993 -87.427696 2
40.544792 -87.502594 2
40.589592 -87.424995 2
40.589592 -87.439491 2
40.555992 -87.504196 2
40.56739 -87.441994 2
40.541191 -87.524094 2
40.547691 -87.441193 2
40.540394 -87.386795 2
40.55669 -87.404495 2
40.566692 -87.482994 2
40.54129 -87.419296 2
40.570393 -87.467995 2
40.582291 -87.457397 2
40.536293 -87.407097 2
40.54549 -87.474297 2
40.550892 -87.462997 2
40.541893 -87.440491 2
40.59119 -87.458092 2
40.691792 -87.519691 2
40.684792 -87.482292 2
40.663113 -87.431839 2
40.673893 -87.502594 2
40.666992 -87.521294 2
40.69939 -87.483597 2
40.675694 -87.521393 2
40.703693 -87.524292 2
40.691093 -87.503593 2
40.691849 -87.49752 2
40.71479 -87.493797 2
40.712891 -87.500595 2
40.695568 -87.498962 2
40.695793 -87.450691 2
40.70121 -87.467865 2
40.684193 -87.477493 2
40.712093 -87.512291 2
40.691692 -87.435493 2
40.71479 -87.504997 2
40.68399 -87.455795 2
40.672291 -87.441093 2
40.690891 -87.471794 2
40.688892 -87.441391 2
40.706493 -87.489494 2
40.68729 -87.519592 2
40.68119 -87.517998 2
40.698692 -87.513596 2
40.674793 -87.416992 2
40.667091 -87.487793 2
40.702393 -87.459991 2
40.658676 -87.424438 2
40.68119 -87.524338 2
40.673191 -87.428696 2
40.686691 -87.469498 2
40.684891 -87.498795 2
40.658573 -87.432785 2
40.696194 -87.444992 2
40.688904 -87.477531 2
40.665691 -87.478592 2
40.718056 -87.513229 2
40.691891 -87.512192 2
40.718094 -87.508293 2
40.668266 -87.416656 2
40.666992 -87.515091 2
40.702991 -87.512695 2
40.695492 -87.504997 2
40.706593 -87.466995 2
40.696793 -87.463898 2
40.669392 -87.42749 2
40.694992 -87.474594 2
40.710991 -87.524193 2
40.697193 -87.519096 2
40.709293 -87.517593 2
40.680691 -87.497696 2
40.697891 -87.508293 2
40.67313 -87.433914 2
40.667892 -87.506691 2
40.700691 -87.446991 2
40.695591 -87.48719 2
40.674393 -87.478798 2
40.692192 -87.486298 2
40.669491 -87.480392 2
40.661392 -87.427391 2
40.68119 -87.505791 2
40.685692 -87.514893 2
40.716393 -87.488495 2
40.680492 -87.482697 2
40.672913 -87.423805 2
40.695793 -87.479797 2
40.672592 -87.518692 2
40.681293 -87.452698 2
40.68819 -87.451691 2
40.689693 -87.446297 2
40.68029 -87.434692 2
40.720493 -87.517792 2
40.716393 -87.523796 2
40.667381 -87.411789 2
40.67469 -87.411896 2
40.671192 -87.524292 2
40.703991 -87.493195 2
40.717491 -87.500298 2
40.714394 -87.475197 2
40.703091 -87.441093 2
40.701393 -87.489395 2
40.720993 -87.494392 2
40.683693 -87.466591 2
40.702091 -87.519196 2
41.229393 -88.670692 2
41.226791 -88.666794 2
41.230892 -88.690598 2
41.247593 -88.695892 2
41.215294 -88.689995 2
41.239891 -88.690697 2
41.226391 -88.687195 2
41.210991 -88.695694 2
41.269493 -88.686996 2
41.227192 -88.680496 2
41.232193 -88.712997 2
41.20219 -88.705795 2
41.246292 -88.706696 2
41.20359 -88.68589 2
41.250992 -88.699097 2
41.235592 -88.676094 2
41.250793 -88.679596 2
41.22599 -88.706291 2
41.225193 -88.675194 2
41.234993 -88.700691 2
41.216091 -88.710495 2
41.241192 -88.679596 2
41.231693 -88.725197 2
41.199657 -88.714096 2
41.210392 -88.689796 2
41.21759 -88.695892 2
41.196266 -88.719986 2
41.221992 -88.666397 2
41.225391 -88.694191 2
41.225891 -88.712791 2
41.261391 -88.701591 2
41.229893 -88.719597 2
41.246593 -88.679794 2
41.243492 -88.700493 2
41.197292 -88.705292 2
41.195446 -88.714027 2
41.20689 -88.694695 2
41.275917 -88.687271 2
41.231693 -88.706795 2
41.25069 -88.706696 2
41.199657 -88.719986 2
41.199866 -88.692155 2
41.202713 -88.695534 2
41.264591 -88.696091 2
41.232594 -88.696297 2
41.235992 -88.725098 2
41.217793 -88.666496 2
41.231293 -88.675995 2
41.274391 -88.696693 2
41.221592 -88.706696 2
41.227692 -88.699493 2
41.206791 -88.713097 2
41.206791 -88.719994 2
41.271793 -88.693291 2
41.224792 -88.719795 2
41.196491 -88.698792 2
41.27169 -88.702293 2
41.213692 -88.705498 2
41.268291 -88.699394 2
41.196491 -88.689491 2
41.221992 -88.690796 2
41.191662 -88.695892 2
41.254593 -88.682396 2
41.206993 -88.705795 2
41.19252 -88.69989 2
41.239792 -88.696693 2
41.254726 -88.706238 2
41.258072 -88.715408 2
41.156994 -88.70919 2
41.257656 -88.730515 2
41.182091 -88.692093 2
41.176891 -88.676094 2
41.254177 -88.713806 2
41.167191 -88.689697 2
41.172394 -88.675491 2
41.182392 -88.666595 2
41.161392 -88.706192 2
41.184193 -88.659897 2
41.187691 -88.699493 2
41.167393 -88.673195 2
41.185493 -88.686096 2
41.174091 -88.699394 2
41.16349 -88.699791 2
41.173794 -88.705795 2
41.187393 -88.661392 2
41.188591 -88.691597 2
41.191193 -88.669594 2
41.167492 -88.666397 2
41.184391 -88.707397 2
41.187492 -88.667496 2
41.167393 -88.710197 2
41.177391 -88.688293 2
41.163193 -88.709595 2
41.254204 -88.718971 2
41.19799 -88.656891 2
41.171192 -88.712196 2
41.17609 -88.666397 2
41.176891 -88.710594 2
41.167793 -88.680794 2
41.189892 -88.661491 2
41.258247 -88.708031 2
41.182991 -88.694893 2
41.156292 -88.714592 2
41.172691 -88.690094 2
41.254013 -88.729942 2
41.178093 -88.694092 2
41.182392 -88.704994 2
41.170292 -88.737595 2
41.16069 -88.756096 2
41.15229 -88.755096 2
41.176292 -88.716591 2
41.173893 -88.725594 2
41.188492 -88.730995 2
41.162491 -88.743294 2
41.181992 -88.714897 2
41.161694 -88.737793 2
41.160892 -88.723495 2
41.166691 -88.743195 2
41.15649 -88.749596 2
41.168991 -88.717796 2
41.153393 -88.74279 2
41.182293 -88.725891 2
41.162292 -88.750298 2
41.157692 -88.743797 2
41.168793 -88.724197 2
41.152393 -88.750092 2
41.172394 -88.718895 2
41.18729 -88.724091 2
41.162693 -88.728691 2
41.185192 -88.718094 2
41.18169 -88.737892 2
41.191792 -88.724297 2
41.17049 -88.746994 2
41.191391 -88.736595 2
41.158993 -88.735794 2
41.173492 -88.731796 2
41.192192 -88.731094 2
41.155891 -88.756592 2
41.177193 -88.737694 2
41.17749 -88.727097 2
40.406651 -87.791054 8
40.419743 -87.773476 8
40.425152 -87.784615 8
40.397961 -87.795593 8
40.409542 -87.777122 8
40.411694 -87.783287 8
40.403492 -87.819405 8
40.382053 -87.715836 8
40.399231 -87.789871 8
40.391972 -87.753723 8
40.388351 -87.749123 8
40.366692 -87.752922 8
40.397694 -87.800797 8
40.396164 -87.815025 8
40.383083 -87.750832 8
40.399334 -87.776207 8
40.405632 -87.721313 8
40.409374 -87.805962 8
40.384354 -87.813202 8
40.376122 -87.753647 8
40.406384 -87.737541 8
40.369461 -87.791412 8
40.399452 -87.781952 8
40.369541 -87.803978 8
40.382561 -87.785606 8
40.381161 -87.823128 8
40.397373 -87.768204 8
40.393322 -87.720833 8
40.383163 -87.737175 8
40.409161 -87.800568 8
40.403084 -87.824287 8
40.387981 -87.768936 8
40.375191 -87.795753 8
40.386414 -87.775574 8
40.406044 -87.833336 8
40.419052 -87.793785 8
40.384972 -87.763878 8
40.382393 -87.720863 8
40.385361 -87.791504 8
40.402142 -87.716087 8
40.402031 -87.741554 8
40.399384 -87.805885 8
40.396633 -87.746284 8
40.402683 -87.829155 8
40.367901 -87.744003 8
40.404282 -87.785248 8
40.395664 -87.734825 8
40.388683 -87.796326 8
40.389763 -87.815025 8
40.728893 -87.207397 8
40.697891 -87.263695 8
40.721092 -87.258194 8
40.733494 -87.23719 8
40.675091 -87.195297 8
40.708893 -87.202492 8
40.725094 -87.263992 8
40.713593 -87.222496 8
40.683594 -87.198296 8
40.697792 -87.234894 8
40.705292 -87.262993 8
40.724194 -87.221191 8
40.726093 -87.246597 8
40.717491 -87.195595 8
40.698692 -87.247093 8
40.735191 -87.228294 8
40.675091 -87.203796 8
40.675091 -87.199493 8
40.710194 -87.254593 8
40.697594 -87.259697 8
40.711693 -87.264496 8
40.720493 -87.184494 8
40.698891 -87.274796 8
40.727291 -87.234192 8
40.726593 -87.258698 8
40.731792 -87.213898 8
40.731892 -87.219597 8
40.732594 -87.24649 8
40.713791 -87.208595 8
40.701393 -87.282097 8
40.69939 -87.214493 8
40.698692 -87.271294 8
40.733791 -87.25119 8
40.69799 -87.242393 8
40.725792 -87.200691 8
40.710491 -87.220993 8
40.732891 -87.194695 8
40.733093 -87.198494 8
40.718891 -87.202095 8
40.718891 -87.255592 8
40.718292 -87.213692 8
40.725891 -87.195992 8
40.697792 -87.255295 8
40.709293 -87.216095 8
40.73299 -87.240891 8
40.705593 -87.224495 8
40.68399 -87.203491 8
40.731792 -87.225792 8
40.706192 -87.212593 8
40.724091 -87.214592 8
40.706192 -87.241692 8
40.700993 -87.278694 8
40.727692 -87.227097 8
40.742393 -86.945427 12
40.644001 -86.850891 12
40.742954 -86.911003 12
40.74292 -86.933014 12
40.742386 -86.939224 12
40.629574 -86.853142 12
40.637043 -86.891975 12
40.743301 -86.951279 12
40.708675 -86.917793 12
40.682072 -86.865196 12
40.706734 -86.868851 12
40.645229 -86.857727 12
40.650776 -86.888756 12
40.723106 -86.876663 12
40.682037 -86.84745 12
40.724957 -86.896294 12
40.669907 -86.844002 12
40.65707 -86.843987 12
40.669926 -86.84996 12
40.662693 -86.829453 12
40.659496 -86.825439 12
40.612488 -86.832161 12
40.645157 -86.823738 12
40.723827 -86.889603 12
40.708313 -86.879585 12
40.706799 -86.862686 12
40.702145 -86.89695 12
40.650768 -86.882553 12
40.724972 -86.904175 12
40.614265 -86.84758 12
40.730415 -86.914482 12
40.667622 -86.837227 12
40.707211 -86.967598 12
40.702522 -86.890732 12
40.748344 -86.95739 12
40.70871 -86.946068 12
40.614262 -86.842125 12
40.706688 -86.874428 12
40.685387 -86.879356 12
40.747124 -86.977844 12
40.646069 -86.83062 12
40.742222 -86.893333 12
40.707291 -86.962364 12
40.635262 -86.879425 12
40.682049 -86.853493 12
40.645096 -86.817711 12
40.724983 -86.91143 12
40.709663 -86.95256 12
40.614277 -86.852898 12
40.708511 -86.932861 12
40.742218 -86.899635 12
40.644634 -86.874023 12
40.708683 -86.924896 12
40.708614 -86.910698 12
40.630154 -86.865677 12
40.723824 -86.882759 12
40.61425 -86.836952 12
40.70686 -86.856354 12
40.731026 -86.921227 12
40.630093 -86.859123 12
40.67075 -86.881393 12
40.645184 -86.8358 12
40.669949 -86.902328 12
40.635242 -86.885712 12
40.724949 -86.855949 12
40.724903 -86.862907 12
40.643936 -86.844597 12
40.622005 -86.877563 12
40.703529 -86.904045 12
40.708702 -86.939842 12
40.682087 -86.873436 12
40.390156 -87.378525 9
40.428917 -87.45755 3
40.413132 -87.45903 9
40.378357 -87.480529 3
40.358143 -87.417229 9
40.468258 -87.457024 3
40.398663 -87.427696 9
40.401051 -87.412987 9
40.437344 -87.449768 3
40.35384 -87.486206 9
40.470928 -87.399109 3
40.366161 -87.389481 9
40.351078 -87.425377 9
40.322666 -87.414314 4
40.470467 -87.466026 3
40.433758 -87.465965 3
40.489719 -87.404762 3
40.431976 -87.482277 3
40.37812 -87.463989 3
40.303555 -87.470093 4
40.350903 -87.43132 9
40.401028 -87.430824 9
40.32069 -87.398247 9
40.444981 -87.507538 3
40.444901 -87.386017 3
40.452038 -87.447586 3
40.407074 -87.385017 9
40.391426 -87.496452 3
40.323032 -87.402939 9
40.384113 -87.408707 9
40.385548 -87.480408 3
40.296467 -87.449463 4
40.489136 -87.462357 3
40.413902 -87.409012 9
40.355396 -87.438713 3
40.427963 -87.398827 3
40.338665 -87.417252 9
40.33279 -87.417175 9
40.434765 -87.486107 3
40.402233 -87.420006 9
40.500069 -87.44133 3
40.445766 -87.513359 3
40.372116 -87.431602 9
40.392868 -87.487419 3
40.445412 -87.412689 3
40.388142 -87.411079 9
40.306374 -87.473206 4
40.333138 -87.390373 3
40.466038 -87.488762 3
40.306353 -87.479175 3
40.38789 -87.384682 9
40.44585 -87.417915 3
40.435474 -87.470055 3
40.290272 -87.432697 3
40.486164 -87.394897 3
40.368645 -87.412964 9
40.428024 -87.403442 3
40.511414 -87.467773 3
40.490025 -87.487755 3
40.458218 -87.40303 3
40.490234 -87.493027 3
40.497135 -87.463814 3
40.299385 -87.457123 3
40.335304 -87.451164 9
40.320713 -87.393219 9
40.455853 -87.498909 3
40.489578 -87.481285 3
40.326403 -87.484464 3
40.436443 -87.390732 3
40.384861 -87.487785 3
40.445919 -87.423172 3
40.468571 -87.45179 3
40.455917 -87.483528 3
40.340084 -87.436867 9
40.299168 -87.462959 3
40.466732 -87.418716 4
40.356285 -87.444565 9
40.483093 -87.383461 3
40.445805 -87.518784 3
40.332615 -87.411987 9
40.350788 -87.48317 9
40.445004 -87.502136 3
40.471058 -87.507805 3
40.470268 -87.460945 3
40.323044 -87.408569 4
40.513294 -87.422249 3
40.338001 -87.461433 9
40.358109 -87.410698 9
40.475056 -87.437653 3
40.392509 -87.412842 9
40.342621 -87.446129 9
40.30407 -87.429108 4
40.310299 -87.484459 4
40.43071 -87.461243 3
40.455982 -87.504303 3
40.377991 -87.470085 3
40.371738 -87.398438 9
40.48888 -87.45726 3
40.472111 -87.403564 3
40.372093 -87.418983 9
40.457844 -87.383034 3
40.291935 -87.447578 4
40.511566 -87.46257 3
40.384682 -87.456711 3
40.428177 -87.389496 3
40.454052 -87.467033 3
40.289982 -87.442406 4
40.30999 -87.42942 4
40.489067 -87.469116 3
40.515694 -87.431168 3
40.479897 -87.509277 3
40.372082 -87.426414 9
40.482136 -87.442856 3
40.341057 -87.429512 3
40.341366 -87.441582 9
40.468746 -87.422363 3
40.496788 -87.384819 3
40.466 -87.483696 3
40.413342 -87.463402 9
40.465973 -87.478447 3
40.303165 -87.448196 4
40.392464 -87.481041 3
40.376854 -87.398682 9
40.433716 -87.437851 3
40.304035 -87.438034 4
40.335052 -87.405899 9
40.347504 -87.480255 9
40.489811 -87.501663 3
40.454971 -87.451317 3
40.289215 -87.437157 4
40.350807 -87.419151 9
40.349407 -87.445618 9
40.337189 -87.455162 9
40.471714 -87.390289 3
40.400307 -87.408234 9
40.497036 -87.458382 3
40.4716 -87.489243 3
40.428936 -87.479172 3
40.501869 -87.404198 3
40.341072 -87.422684 3
40.435455 -87.44178 3
40.514622 -87.426636 3
40.49736 -87.437737 3
40.370103 -87.457756 3
40.368599 -87.404839 9
40.322849 -87.420319 3
40.489204 -87.475388 3
40.357632 -87.488434 9
40.496971 -87.389572 3
40.378128 -87.458672 3
40.961929 -88.220573 8
40.988342 -88.168068 8
40.96014 -88.19989 8
40.939686 -88.192131 8
40.960342 -88.244354 8
40.948055 -88.191032 8
40.962727 -88.141769 8
40.979427 -88.231316 8
40.99931 -88.187584 8
40.990307 -88.163536 8
40.98003 -88.141785 8
40.987583 -88.195427 8
40.960453 -88.177078 8
40.974827 -88.235863 8
40.968433 -88.233208 8
40.97361 -88.141869 8
40.965084 -88.165962 8
40.997791 -88.179184 8
41.015137 -88.199951 8
40.94165 -88.23494 8
40.987072 -88.174057 8
40.967819 -88.216751 8
41.015202 -88.174728 8
41.004543 -88.148712 8
40.977249 -88.243378 8
40.950291 -88.218956 8
40.961884 -88.146423 8
40.948952 -88.223976 8
40.959091 -88.180809 8
40.974758 -88.167236 8
41.022255 -88.225861 8
41.017513 -88.237617 8
40.962086 -88.194588 8
40.990494 -88.156685 8
40.938839 -88.223145 8
41.022697 -88.219955 8
41.020004 -88.202698 8
41.000427 -88.220421 8
41.007587 -88.206009 8
40.956871 -88.238487 8
40.970539 -88.171516 8
40.946461 -88.172363 8
40.942139 -88.147461 8
40.968433 -88.185074 8
40.955814 -88.190506 8
40.969269 -88.179901 8
40.973484 -88.147636 8
41.006466 -88.213257 8
41.011124 -88.232628 8
40.978916 -88.202293 8
40.991837 -88.17717 8
41.013653 -88.244217 8
40.970875 -88.15609 8
40.968636 -88.193268 8
40.979939 -88.136978 8
40.946342 -88.143394 8
41.00209 -88.184502 8
40.974236 -88.215904 8
40.973442 -88.196365 8
41.022305 -88.23262 8
40.955757 -88.143181 8
40.953964 -88.24202 8
41.006599 -88.222412 8
41.001041 -88.159111 8
40.975166 -88.178871 8
40.946209 -88.180984 8
40.955791 -88.196999 8
41.018089 -88.216873 8
41.001221 -88.144211 8
40.979328 -88.158417 8
41.005543 -88.178169 8
40.975361 -88.190697 8
41.003506 -88.230522 8
40.93959 -88.171021 8
40.97559 -88.173203 8
40.955574 -88.184448 8
40.970024 -88.244705 8
40.998299 -88.225746 8
40.991474 -88.148621 8
40.939407 -88.177673 8
40.945961 -88.214325 8
40.970299 -88.16227 8
41.009296 -88.183487 8
40.946125 -88.236526 8
40.986767 -88.147385 8
40.979538 -88.224838 8
40.962791 -88.231125 8
41.015926 -88.188156 8
40.963184 -88.203987 8
41.017117 -88.245781 8
40.942608 -88.142296 8
40.956833 -88.215309 8
40.597591 -86.959793 2
40.688793 -86.942993 2
40.639992 -86.913399 2
40.688992 -86.930397 2
40.593891 -86.898994 2
40.581791 -86.945198 2
40.621891 -86.907997 2
40.618191 -86.954292 2
40.68959 -86.975494 2
40.655293 -86.940392 2
40.669891 -86.948692 2
40.581791 -86.937393 2
40.57629 -86.890991 2
40.641792 -86.965195 2
40.597393 -86.937393 2
40.575592 -86.903198 2
40.611893 -86.915993 2
40.655991 -86.944298 2
40.627193 -86.962997 2
40.608891 -86.942795 2
40.689091 -86.934395 2
40.641792 -86.969093 2
40.655392 -86.893295 2
40.641693 -86.944794 2
40.669792 -86.938492 2
40.618092 -86.927895 2
40.655293 -86.911491 2
40.597492 -86.954895 2
40.618092 -86.939796 2
40.616364 -86.968307 2
40.629391 -86.914993 2
40.678993 -86.970894 2
40.573692 -86.943695 2
40.639992 -86.917297 2
40.655392 -86.901093 2
40.62709 -86.934196 2
40.58189 -86.949097 2
40.669792 -86.933197 2
40.641693 -86.928894 2
40.690594 -86.962898 2
40.629391 -86.919693 2
40.575691 -86.899094 2
40.575691 -86.895195 2
40.655193 -86.928894 2
40.616211 -86.972198 2
40.62709 -86.938095 2
40.690693 -86.921997 2
40.689293 -86.925392 2
40.679092 -86.961098 2
40.641693 -86.953293 2
40.59906 -86.9328 2
40.618092 -86.946098 2
40.640892 -86.924797 2
40.67049 -86.942596 2
40.65369 -86.958298 2
40.678993 -86.978699 2
40.68959 -86.918396 2
40.669991 -86.953293 2
40.597992 -86.919891 2
40.670391 -86.922295 2
40.68959 -86.971596 2
40.597393 -86.941795 2
40.690292 -86.967598 2
40.573292 -86.939796 2
40.678993 -86.982697 2
40.688892 -86.901497 2
40.62149 -86.904099 2
40.655392 -86.904892 2
40.618092 -86.931892 2
40.593891 -86.903793 2
40.608994 -86.950592 2
40.597408 -86.947121 2
40.67049 -86.910492 2
40.627193 -86.949295 2
40.608891 -86.935097 2
40.608891 -86.946693 2
40.653793 -86.962196 2
40.68959 -86.913597 2
40.599091 -86.928497 2
40.598049 -86.91597 2
40.670391 -86.918297 2
40.689392 -86.909592 2
40.611794 -86.923996 2
40.581791 -86.941292 2
40.641693 -86.940895 2
40.68869 -86.897491 2
40.690193 -86.958992 2
40.654491 -86.923195 2
40.655392 -86.897194 2
40.688892 -86.893593 2
40.655293 -86.948097 2
40.627193 -86.958595 2
40.608891 -86.938896 2
40.573193 -86.935593 2
40.627193 -86.953194 2
40.611992 -86.911697 2
40.598293 -86.968193 2
40.67049 -86.914398 2
40.655392 -86.951996 2
40.611893 -86.920097 2
40.629494 -86.910698 2
40.575592 -86.909996 2
40.655891 -86.934792 2
40.597492 -86.950996 2
40.59399 -86.890198 2
40.690392 -86.949692 2
40.690392 -86.953896 2
40.640991 -86.920998 2
40.626392 -86.930397 2
40.618092 -86.950394 2
40.655293 -86.918694 2
40.678993 -86.974693 2
40.593891 -86.894493 2
40.689194 -86.905594 2
40.654091 -86.965996 2
40.641693 -86.961395 2
40.62709 -86.941994 2
40.679092 -86.964996 2
40.68869 -86.979393 2
40.641693 -86.949394 2
40.689091 -86.938599 2
40.628094 -87.007294 2
40.628792 -87.063995 2
40.630192 -87.091393 2
40.628792 -87.060394 2
40.656094 -86.993591 2
40.64296 -87.035027 2
40.657093 -87.071793 2
40.655491 -87.001694 2
40.628693 -87.067696 2
40.642391 -87.038895 2
40.630093 -87.087097 2
40.655594 -87.016998 2
40.629993 -87.073494 2
40.655491 -86.981995 2
40.628792 -87.040596 2
40.643192 -87.052895 2
40.64159 -87.015198 2
40.642292 -87.027695 2
40.656994 -87.059296 2
40.642193 -86.994492 2
40.642292 -87.023994 2
40.628391 -87.019196 2
40.641491 -86.985794 2
40.641991 -86.976791 2
40.642292 -87.020294 2
40.656792 -87.051094 2
40.64159 -86.990196 2
40.657093 -87.075798 2
40.642593 -87.009293 2
40.656891 -87.054794 2
40.641991 -86.981094 2
40.642792 -87.071297 2
40.642391 -87.000397 2
40.656994 -87.063492 2
40.642391 -87.004593 2
40.628693 -87.044395 2
40.657192 -87.089394 2
40.613293 -86.992294 2
40.657093 -87.084694 2
40.613392 -86.996597 2
40.627491 -86.977592 2
40.628193 -87.011192 2
40.628391 -87.022995 2
40.627892 -86.995392 2
40.655594 -87.020798 2
40.642792 -87.064095 2
40.655491 -87.009193 2
40.645691 -87.085495 2
40.655544 -86.989814 2
40.628292 -87.015099 2
40.657093 -87.067497 2
40.642792 -87.067696 2
40.657192 -87.080795 2
40.655491 -86.985992 2
40.630093 -87.083298 2
40.655491 -87.012993 2
40.628891 -87.052696 2
40.655792 -87.038895 2
40.655491 -87.005295 2
40.62759 -86.981895 2
40.655792 -87.034996 2
40.655491 -86.997597 2
40.628792 -87.056297 2
40.643291 -87.048294 2
40.645592 -87.080894 2
40.655693 -87.031097 2
40.599491 -87.082893 2
40.569092 -86.994896 2
40.569592 -86.985397 2
40.599491 -87.091293 2
40.599392 -87.063797 2
40.613194 -86.987892 2
40.585194 -86.994194 2
40.655891 -87.046997 2
40.613194 -87.015892 2
40.613194 -87.056198 2
40.64579 -87.089897 2
40.597893 -86.981697 2
40.598492 -87.014992 2
40.599792 -87.042992 2
40.599392 -87.026894 2
40.598293 -87.007393 2
40.655491 -86.975197 2
40.600391 -87.067596 2
40.614193 -87.045296 2
40.655891 -87.043198 2
40.59959 -87.034195 2
40.56179 -86.943398 2
40.58279 -87.023392 2
40.599693 -86.995293 2
40.599293 -87.022598 2
40.569592 -86.988693 2
40.599792 -86.999893 2
40.613194 -87.066292 2
40.613491 -87.048897 2
40.583092 -87.014595 2
40.598091 -86.977394 2
40.561893 -86.950592 2
40.59959 -87.051392 2
40.569794 -87.000198 2
40.561993 -86.957893 2
40.627792 -86.986992 2
40.584461 -87.003357 2
40.613293 -87.026794 2
40.61359 -87.007294 2
40.613293 -87.019493 2
40.598591 -87.018791 2
40.583691 -87.011047 2
40.599693 -87.046997 2
40.585262 -86.998192 2
40.597992 -86.986298 2
40.583893 -87.007195 2
40.630291 -87.095299 2
40.613392 -87.052498 2
40.598892 -87.003494 2
40.569492 -86.981796 2
40.614292 -87.041695 2
40.61729 -87.089493 2
40.599693 -87.038597 2
40.561993 -86.954292 2
40.655476 -86.971817 2
40.655491 -86.978592 2
40.617191 -87.085594 2
40.627792 -86.990898 2
40.613991 -87.036598 2
40.614094 -87.059395 2
40.586491 -87.028595 2
40.58279 -87.019196 2
40.644192 -87.042892 2
40.599491 -87.087296 2
40.598091 -86.990494 2
40.613693 -87.011398 2
40.613293 -87.023094 2
40.599392 -87.072395 2
40.561893 -86.946999 2
40.684391 -87.021095 7
40.685493 -87.042496 7
40.668392 -86.977097 7
40.684391 -87.025398 7
40.684792 -87.082596 7
40.683941 -87.065384 7
40.67049 -87.056091 7
40.685291 -86.997292 7
40.686291 -87.038193 7
40.68259 -87.057297 7
40.669292 -87.037094 7
40.684891 -87.086899 7
40.685291 -87.010094 7
40.685192 -87.095398 7
40.668392 -86.981392 7
40.68399 -87.072296 7
40.668793 -87.019798 7
40.685093 -87.091095 7
40.684193 -86.992897 7
40.67049 -87.076195 7
40.682491 -87.061493 7
40.668793 -87.015495 7
40.668392 -86.972893 7
40.671093 -87.067795 7
40.668892 -87.006996 7
40.685593 -87.051498 7
40.684692 -86.986694 7
40.669491 -87.051994 7
40.671391 -87.084396 7
40.668392 -86.987595 7
40.668392 -86.992493 7
40.67049 -87.071999 7
40.685493 -87.046692 7
40.68449 -87.016891 7
40.668591 -87.000595 7
40.684391 -87.029594 7
40.668091 -87.024696 7
40.668892 -87.011292 7
40.671494 -87.088593 7
40.668091 -87.028893 7
40.685291 -87.005898 7
40.671291 -87.080193 7
40.67049 -87.063599 7
40.66909 -87.032997 7
40.685291 -87.001595 7
40.687092 -87.076492 7
40.686394 -87.033897 7
40.729362 -87.026917 10
40.746361 -86.990181 10
40.69635 -86.987213 10
40.701405 -87.043182 10
40.74638 -86.99942 10
40.742298 -87.007286 10
40.730488 -87.04895 10
40.755184 -87.017059 10
40.743523 -87.018295 10
40.741928 -87.084938 10
40.742034 -87.089125 10
40.730473 -87.05748 10
40.699764 -87.018616 10
40.74284 -87.070198 10
40.71542 -87.01548 10
40.743885 -87.075026 10
40.700324 -87.047571 10
40.714539 -87.021255 10
40.700699 -87.034554 10
40.71476 -87.038704 10
40.73048 -87.053215 10
40.70035 -87.051843 10
40.743893 -87.022575 10
40.699738 -87.025803 10
40.699219 -87.010178 10
40.714951 -86.990005 10
40.715335 -87.047529 10
40.755207 -87.012444 10
40.715214 -87.043007 10
40.698486 -86.982742 10
40.730476 -87.062111 10
40.714405 -86.99427 10
40.698162 -86.97847 10
40.729866 -87.066322 10
40.714413 -87.002785 10
40.71442 -87.025894 10
40.742782 -87.064875 10
40.728962 -87.013878 10
40.731384 -86.99733 10
40.729 -87.022392 10
40.699657 -87.030197 10
40.731411 -87.00161 10
40.69632 -86.992058 10
40.746372 -86.994804 10
40.743004 -87.092796 10
40.743317 -87.014084 10
40.755043 -87.007553 10
40.696907 -86.997192 10
40.714531 -87.01133 10
40.714382 -87.034409 10
40.697845 -87.170387 5
40.69791 -87.11821 5
40.732277 -87.17495 5
40.685764 -87.160553 5
40.656384 -87.130798 5
40.671166 -87.187604 5
40.671898 -87.179916 10
40.73233 -87.136963 5
40.655834 -87.136833 5
40.65855 -87.188454 5
40.716072 -87.120842 5
40.671604 -87.121315 5
40.6852 -87.113541 5
40.695152 -87.147354 5
40.65583 -87.142174 5
40.732292 -87.170212 10
40.685955 -87.14946 10
40.67136 -87.109535 5
40.656013 -87.102325 5
40.697899 -87.125237 5
40.68573 -87.184692 5
40.697861 -87.159889 5
40.714794 -87.177002 10
40.732365 -87.101807 5
40.702038 -87.178192 5
40.732342 -87.122818 5
40.712055 -87.165688 5
40.685063 -87.12642 5
40.655941 -87.160667 5
40.671504 -87.126347 5
40.732304 -87.1623 10
40.671106 -87.141906 10
40.697849 -87.165138 5
40.73233 -87.142265 10
40.732265 -87.180099 5
40.732361 -87.106728 5
40.697895 -87.132278 5
40.671149 -87.132293 5
40.685196 -87.119987 5
40.654823 -87.146858 5
40.712124 -87.109856 5
40.685781 -87.189643 5
40.697678 -87.187134 10
40.685841 -87.10067 5
40.69833 -87.103912 5
40.712128 -87.102058 5
40.671368 -87.102478 5
40.65601 -87.108017 5
40.656433 -87.125648 5
40.698326 -87.099037 5
40.656494 -87.119408 5
40.711624 -87.158356 10
40.685802 -87.137077 5
40.732323 -87.147552 10
40.658566 -87.177933 5
40.732353 -87.113441 5
40.685795 -87.143379 5
40.685753 -87.167999 5
40.656986 -87.114212 5
40.715794 -87.141922 10
40.686123 -87.107117 10
40.91769 -88.964493 7
40.830994 -88.947395 7
40.916893 -88.967896 7
40.886791 -88.994995 7
40.853092 -88.937492 7
40.908592 -88.962296 7
40.856892 -88.942993 7
40.910992 -88.973495 7
40.862591 -88.947296 7
40.889191 -88.954193 7
40.878391 -88.997498 7
40.834393 -88.941193 7
40.895493 -88.943794 7
40.863693 -88.895897 7
40.863693 -88.957497 7
40.881092 -88.991096 7
40.851593 -88.945396 7
40.873894 -88.98159 7
40.857391 -88.957695 7
40.878891 -88.994194 7
40.87199 -88.948196 7
40.893291 -88.948494 7
40.919594 -88.961395 7
40.863392 -88.953293 7
40.84959 -88.895294 7
40.90369 -88.943497 7
40.842991 -88.916695 7
40.850292 -88.958794 7
40.860992 -88.920296 7
40.886593 -88.923897 7
40.879494 -88.942894 7
40.851494 -88.955894 7
40.835293 -88.932693 7
40.834991 -88.937096 7
40.924492 -88.967896 7
40.88879 -88.991898 7
40.872593 -88.993393 7
40.834393 -88.959991 7
40.87759 -88.971794 7
40.853191 -88.933296 7
40.909691 -88.958092 7
40.859592 -88.923798 7
40.836292 -88.956894 7
40.891792 -88.986397 7
40.876591 -88.975098 7
40.892094 -88.96759 7
40.832092 -88.963791 7
40.842693 -88.957291 7
40.863293 -88.916695 7
40.907993 -88.981895 7
40.852692 -88.971191 7
40.852493 -88.94239 7
40.861992 -88.899597 7
40.89299 -88.963997 7
40.874191 -88.926994 7
40.920994 -88.957794 7
40.906391 -88.992897 7
40.906693 -88.985497 7
40.870491 -88.996094 7
40.876591 -88.920097 7
40.849693 -88.961693 7
40.866993 -88.935097 7
40.880382 -88.924257 7
40.875294 -88.900894 7
40.877792 -89.000496 7
40.917591 -88.972794 7
40.893093 -88.924393 7
40.87989 -88.938194 7
40.845692 -88.908791 7
40.879993 -88.953094 7
40.845291 -88.923592 7
40.837494 -88.953995 7
40.845093 -88.952095 7
40.875092 -88.923294 7
40.858494 -88.905495 7
40.865494 -88.939194 7
40.899593 -88.99279 7
40.847992 -88.89949 7
40.84399 -88.928596 7
40.915592 -88.978996 7
40.832493 -88.944298 7
40.925491 -88.963097 7
40.837193 -88.894096 7
40.872791 -88.933891 7
40.84679 -88.905396 7
40.909592 -88.977196 7
40.839191 -88.902397 7
40.836891 -88.905396 7
40.84399 -88.913597 7
40.907291 -88.966492 7
40.901993 -88.948593 7
40.875492 -88.978294 7
40.863892 -88.943993 7
40.865391 -88.982193 7
40.892292 -88.981491 7
40.851093 -88.976593 7
40.889091 -88.940094 7
40.860394 -88.903297 7
40.887093 -88.947098 7
40.848591 -88.964691 7
41.115658 -88.74688 5
41.109608 -88.675346 5
41.131306 -88.694008 5
41.128113 -88.723717 5
41.12339 -88.756126 5
41.126232 -88.743454 5
41.14846 -88.696068 5
41.141991 -88.677055 5
41.113098 -88.684425 5
41.113407 -88.761923 5
41.145889 -88.648575 5
41.117622 -88.649994 5
41.128365 -88.698936 5
41.118015 -88.694 5
41.140877 -88.704773 5
41.126736 -88.707413 5
41.145554 -88.654686 5
41.116062 -88.7173 5
41.131889 -88.660522 5
41.108955 -88.742424 5
41.142879 -88.666901 5
41.113213 -88.66835 5
41.124523 -88.656708 5
41.114861 -88.72345 5
41.129059 -88.748703 5
41.144188 -88.660706 5
41.112316 -88.730843 5
41.116447 -88.710342 5
41.131474 -88.731155 5
41.134323 -88.688881 5
41.129757 -88.764519 5
41.110493 -88.689583 5
41.109444 -88.69516 5
41.126442 -88.651077 5
41.129128 -88.737022 5
41.131729 -88.672211 5
41.144588 -88.690437 5
41.119534 -88.654427 5
41.11636 -88.678207 5
41.125309 -88.713295 5
41.134693 -88.650192 5
41.127117 -88.668571 5
41.003841 -88.126534 11
41.016491 -88.010597 11
40.971813 -88.079475 11
41.003334 -88.076935 11
41.020481 -88.058037 11
40.974461 -88.096565 11
40.976551 -88.107567 11
41.035053 -88.024986 11
40.974884 -88.120331 11
41.004532 -88.048714 11
41.007614 -88.115936 11
41.017593 -87.995171 11
40.970772 -88.091011 11
40.993023 -88.104172 11
41.035282 -88.020584 11
41.010151 -87.989967 11
41.021282 -88.073586 11
40.996662 -88.034058 11
40.985023 -88.129753 11
41.005184 -88.009331 11
40.989113 -88.129875 11
41.038342 -88.048454 11
41.022503 -88.045105 11
41.014042 -87.976646 11
40.985352 -88.102585 11
41.012924 -88.030785 11
41.011261 -88.067657 11
41.024651 -88.007576 11
41.030212 -88.048386 11
41.010292 -88.050652 11
40.979046 -88.047615 11
41.011883 -88.026321 11
41.005833 -88.026688 11
41.015373 -88.069862 11
41.013554 -87.992645 11
40.992622 -88.025963 11
40.963181 -88.095497 11
41.025124 -88.047256 11
40.989902 -88.107681 11
40.962933 -88.110832 11
41.019432 -88.009895 11
41.009113 -88.011467 11
41.020851 -88.026108 11
40.996952 -88.097816 11
40.964554 -88.105614 11
41.023613 -88.065712 11
40.997173 -88.076721 11
41.024132 -88.018898 11
41.02615 -88.030937 11
41.019402 -87.974007 11
41.022854 -87.974831 11
40.979702 -88.057327 11
40.963154 -88.100243 11
41.017403 -87.990173 11
41.005981 -87.990654 11
41.025032 -88.024467 11
41.025143 -87.971146 11
40.971344 -88.120392 11
40.979954 -88.121353 11
40.994522 -88.018745 11
40.993301 -88.086388 11
41.004261 -88.101486 11
41.032673 -87.956772 11
41.007793 -88.020782 11
40.976303 -88.072731 11
40.988022 -88.062004 11
41.033981 -88.042877 11
40.974171 -88.102768 11
40.994343 -88.030876 11
41.031433 -88.033913 11
40.999683 -88.122086 11
41.027431 -87.976646 11
41.008583 -88.073174 11
41.02523 -87.957855 11
41.027992 -87.953682 11
40.996471 -88.112106 11
41.018051 -88.043396 11
41.034031 -88.048378 11
41.000713 -88.050781 11
40.970417 -88.105522 11
41.006752 -88.032761 11
40.981323 -88.106873 11
40.989513 -88.047462 11
41.024094 -88.054123 11
41.024792 -87.993576 11
41.009274 -87.995827 11
41.003273 -88.082924 11
40.988243 -88.034035 11
41.001671 -88.116104 11
40.981121 -88.068207 11
41.001534 -88.008774 11
40.979511 -88.102325 11
41.022373 -87.990181 11
40.986534 -88.025948 11
41.005142 -88.039932 11
40.994198 -88.052414 11
40.988564 -88.090828 11
41.018444 -88.033394 11
41.018253 -87.969231 11
40.978863 -88.052437 11
40.986683 -88.075325 11
40.993351 -88.079895 11
40.975624 -88.066673 11
40.506191 -88.034798 7
40.450592 -88.032692 7
40.467892 -88.039795 7
40.469791 -88.007195 7
40.45919 -87.978592 7
40.49789 -88.033592 7
40.449192 -87.935593 7
40.480892 -88.076691 7
40.471092 -88.064194 7
40.450191 -87.965492 7
40.484291 -88.014496 7
40.452293 -88.027893 7
40.470592 -88.020493 7
40.498993 -88.028793 7
40.490192 -88.054794 7
40.482094 -88.033997 7
40.456993 -88.004494 7
40.500893 -88.015793 7
40.490593 -88.035492 7
40.452991 -87.955391 7
40.475094 -88.044891 7
40.486191 -88.067093 7
40.43729 -87.975395 7
40.508091 -88.025894 7
40.425091 -87.954994 7
40.496693 -88.055496 7
40.463192 -88.062592 7
40.447193 -87.940994 7
40.479294 -88.039291 7
40.483192 -88.042793 7
40.492393 -88.030495 7
40.47739 -88.024094 7
40.505093 -88.052895 7
40.472691 -87.978592 7
40.484291 -88.028793 7
40.475193 -88.017693 7
40.43589 -87.980797 7
40.453491 -87.946396 7
40.448891 -88.037796 7
40.455391 -88.038895 7
40.45359 -88.019493 7
40.456993 -88.050697 7
40.465393 -88.028091 7
40.477192 -88.029793 7
40.482693 -88.019897 7
40.445293 -87.998894 7
40.469093 -87.988091 7
40.465492 -87.984192 7
40.468292 -87.997192 7
40.470592 -88.013695 7
40.446392 -87.946198 7
40.44289 -88.029198 7
40.447792 -87.993393 7
40.415092 -87.948997 7
40.496593 -88.044792 7
40.433491 -87.949791 7
40.450092 -88.009491 7
40.454193 -87.982292 7
40.454391 -88.014793 7
40.455593 -88.009598 7
40.489891 -88.01889 7
40.47039 -88.034592 7
40.465191 -88.051895 7
40.482891 -88.009598 7
40.49419 -88.014091 7
40.435192 -87.943497 7
40.481091 -87.981194 7
40.477192 -88.005295 7
40.45129 -87.959991 7
40.457092 -88.033897 7
40.489491 -88.077492 7
40.49139 -87.999191 7
40.475094 -87.999191 7
40.439091 -87.984695 7
40.477791 -87.993393 7
40.455093 -88.058197 7
40.464394 -88.057297 7
40.496292 -88.049294 7
40.477592 -88.071793 7
40.465191 -88.069893 7
40.448391 -88.05619 7
40.481194 -87.974693 7
40.47879 -88.065796 7
40.426693 -87.947693 7
40.453091 -87.974792 7
40.479794 -87.987892 7
40.48579 -88.023895 7
40.458992 -87.966591 7
40.452492 -88.044693 7
40.464092 -88.033791 7
40.452991 -87.999893 7
40.476292 -88.012093 7
40.490494 -88.071396 7
40.465191 -88.045998 7
40.787464 -86.913734 5
40.788788 -86.992805 12
40.787804 -86.970505 5
40.795559 -86.93824 12
40.78878 -87.002525 12
40.769932 -87.002762 12
40.769855 -86.970169 12
40.783157 -86.955055 12
40.788452 -86.926506 12
40.804298 -86.989487 12
40.766327 -86.905708 12
40.769932 -86.983963 12
40.804359 -86.980255 12
40.783535 -86.941666 5
40.804256 -86.998116 12
40.770363 -86.932213 12
40.770229 -86.921295 12
40.769783 -86.993675 12
40.787823 -86.978676 5
40.795586 -86.943848 12
40.768196 -86.886215 12
40.76936 -86.913544 12
40.804268 -86.970551 5
40.770329 -86.940796 12
40.766327 -86.89608 12
40.710793 -87.618095 7
40.692493 -87.580093 7
40.737991 -87.609993 7
40.738091 -87.601097 7
40.712193 -87.583992 7
40.735092 -87.551292 7
40.707893 -87.575096 7
40.729294 -87.538795 7
40.723392 -87.545692 7
40.734192 -87.569397 7
40.729092 -87.552391 7
40.717793 -87.531097 7
40.698292 -87.542397 7
40.765991 -87.543694 7
40.725693 -87.566994 7
40.728092 -87.528191 7
40.735992 -87.532494 7
40.74419 -87.581093 7
40.69799 -87.532692 7
40.75399 -87.543198 7
40.729294 -87.607292 7
40.749393 -87.583595 7
40.719791 -87.550392 7
40.75959 -87.535095 7
40.700691 -87.614098 7
40.752392 -87.601395 7
40.681293 -87.527992 7
40.730694 -87.598297 7
40.708691 -87.533195 7
40.755493 -87.550194 7
40.73859 -87.627792 7
40.68869 -87.533791 7
40.747993 -87.598396 7
40.722794 -87.537292 7
40.721893 -87.560196 7
40.70549 -87.622391 7
40.707394 -87.542694 7
40.740993 -87.595993 7
40.698891 -87.604294 7
40.72319 -87.606293 7
40.741493 -87.635292 7
40.689293 -87.621094 7
40.760391 -87.559097 7
40.740391 -87.569992 7
40.750492 -87.640495 7
40.728592 -87.572296 7
40.76099 -87.548393 7
40.74419 -87.533295 7
40.715191 -87.575394 7
40.730991 -87.559395 7
40.752991 -87.567497 7
40.71619 -87.567696 7
40.73299 -87.614693 7
40.714092 -87.606796 7
40.700893 -87.562195 7
40.689392 -87.612892 7
40.709892 -87.610191 7
40.68959 -87.604095 7
40.686192 -87.528694 7
40.692593 -87.529396 7
40.710793 -87.629097 7
40.744694 -87.62429 7
40.694191 -87.558395 7
40.711792 -87.548897 7
40.696491 -87.618591 7
40.707893 -87.588097 7
40.706291 -87.559998 7
40.723591 -87.578094 7
40.689293 -87.636497 7
40.715893 -87.543694 7
40.738194 -87.587494 7
40.715492 -87.624794 7
40.726494 -87.587692 7
40.697891 -87.580696 7
40.748093 -87.630493 7
40.733692 -87.622696 7
40.700691 -87.574898 7
40.719692 -87.610497 7
40.725391 -87.599197 7
40.720692 -87.584396 7
40.739693 -87.561195 7
40.720493 -87.619896 7
40.744793 -87.553993 7
40.725292 -87.614594 7
40.70269 -87.546196 7
40.743492 -87.605492 7
40.749393 -87.548592 7
40.696194 -87.626495 7
40.712494 -87.536896 7
40.752892 -87.578697 7
40.688992 -87.628395 7
40.74979 -87.611092 7
40.739594 -87.527893 7
40.742092 -87.618095 7
40.42749 -88.708992 2
40.409557 -88.640213 2
40.409924 -88.667915 2
40.463593 -88.647697 2
40.421921 -88.670181 2
40.461094 -88.703293 2
40.468094 -88.755592 2
40.468391 -88.770996 2
40.478893 -88.659691 2
40.429462 -88.728828 2
40.466393 -88.670593 2
40.428993 -88.657494 2
40.417522 -88.655365 2
40.416664 -88.651642 2
40.468094 -88.727997 2
40.478291 -88.696991 2
40.466434 -88.731239 2
40.451893 -88.646591 2
40.426392 -88.66349 2
40.467793 -88.766991 2
40.422203 -88.651344 2
40.477692 -88.771996 2
40.432056 -88.703041 2
40.462681 -88.684288 2
40.426991 -88.705292 2
40.482193 -88.779396 2
40.476692 -88.656998 2
40.460491 -88.699097 2
40.459591 -88.633492 2
40.470341 -88.695633 2
40.482094 -88.701996 2
40.462494 -88.707596 2
40.468693 -88.720192 2
40.418163 -88.6633 2
40.421951 -88.674866 2
40.48019 -88.714996 2
40.443592 -88.656296 2
40.477493 -88.782692 2
40.47319 -88.649094 2
40.473091 -88.673691 2
40.409492 -88.633194 2
40.469891 -88.758492 2
40.431091 -88.696594 2
40.474792 -88.731094 2
40.4086 -88.652382 2
40.438591 -88.679291 2
40.402592 -88.682793 2
40.446491 -88.673096 2
40.476494 -88.692795 2
40.409775 -88.64756 2
40.422993 -88.695396 2
40.475491 -88.749496 2
40.445091 -88.696297 2
40.430492 -88.733498 2
40.439293 -88.691498 2
40.422092 -88.691391 2
40.481392 -88.747795 2
40.418491 -88.659096 2
40.476593 -88.767494 2
40.473091 -88.714897 2
40.42329 -88.682198 2
40.431137 -88.718567 2
40.43819 -88.670395 2
40.466694 -88.699493 2
40.458794 -88.660995 2
40.481392 -88.698196 2
40.470093 -88.686295 2
40.427292 -88.668892 2
40.42944 -88.676277 2
40.477238 -88.798058 2
40.476093 -88.734497 2
40.458191 -88.648392 2
40.462292 -88.68029 2
40.443092 -88.689995 2
40.430229 -88.692886 2
40.465393 -88.667091 2
40.431301 -88.655983 2
40.460194 -88.721893 2
40.435593 -88.672096 2
40.431351 -88.68914 2
40.427277 -88.673721 2
40.480091 -88.690392 2
40.411991 -88.696854 2
40.482193 -88.754295 2
40.433067 -88.722954 2
40.41909 -88.686394 2
40.399792 -88.680893 2
40.462692 -88.652596 2
40.461594 -88.658791 2
40.478691 -88.711594 2
40.460091 -88.673195 2
40.436695 -88.676544 2
40.461094 -88.636696 2
40.409191 -88.644096 2
40.4585 -88.719063 2
40.46899 -88.682892 2
40.447594 -88.690094 2
40.422798 -88.678635 2
40.469193 -88.762291 2
40.475792 -88.795494 2
40.477692 -88.761894 2
40.409691 -88.694496 2
40.467194 -88.704391 2
40.433739 -88.705856 2
40.476891 -88.75769 2
40.44709 -88.682198 2
40.419067 -88.667923 2
40.43475 -88.729645 2
40.476494 -88.675995 2
40.445175 -88.659607 2
40.476093 -88.779396 2
40.473091 -88.727295 2
40.433693 -88.658394 2
40.404491 -88.685692 2
40.462791 -88.643997 2
40.466892 -88.735092 2
40.410461 -88.63652 2
40.461292 -88.676796 2
40.461735 -88.640457 2
40.443691 -88.671295 2
40.468388 -88.679207 2
40.419594 -88.587997 2
40.433819 -88.619408 2
40.455074 -88.614944 2
40.431824 -88.629265 2
40.477692 -88.564896 2
40.46339 -88.587494 2
40.468491 -88.62989 2
40.472691 -88.571693 2
40.472794 -88.548897 2
40.466991 -88.601097 2
40.467793 -88.518593 2
40.433292 -88.638397 2
40.408192 -88.588394 2
40.476681 -88.506775 2
40.417793 -88.552193 2
40.41861 -88.547836 2
40.43449 -88.641891 2
40.475792 -88.510696 2
40.464691 -88.531097 2
40.465591 -88.509895 2
40.462791 -88.625397 2
40.480492 -88.494095 2
40.466591 -88.548294 2
40.407192 -88.615196 2
40.407791 -88.629494 2
40.409794 -88.602295 2
40.461735 -88.514275 2
40.460693 -88.618195 2
40.468491 -88.515091 2
40.411491 -88.609596 2
40.421391 -88.563896 2
40.478008 -88.503647 2
40.461246 -88.544945 7
40.473991 -88.490097 2
40.483292 -88.513596 2
40.40089 -88.610596 2
40.476776 -88.482742 2
40.477493 -88.553291 2
40.462994 -88.537895 2
40.466492 -88.504395 2
40.476692 -88.603592 2
40.46616 -88.561134 2
40.469391 -88.578194 2
40.46859 -88.565926 2
40.462093 -88.569794 2
40.466694 -88.619293 2
40.462593 -88.520195 2
40.468891 -88.491692 2
40.480694 -88.547096 2
40.458794 -88.595192 2
40.465393 -88.557297 2
40.469391 -88.569595 2
40.457691 -88.591591 2
40.462303 -88.565697 2
40.432293 -88.634697 2
40.479893 -88.569496 2
40.474091 -88.574997 2
40.475491 -88.599892 2
40.460491 -88.600296 2
40.480991 -88.53289 2
40.459591 -88.614594 2
40.399391 -88.607292 2
40.454594 -88.600891 2
40.466091 -88.596893 2
40.43729 -88.625893 2
40.477192 -88.618591 2
40.465191 -88.591095 2
40.475292 -88.550797 2
40.408493 -88.599091 2
40.410904 -88.605995 2
40.421494 -88.54689 2
40.479893 -88.529495 2
40.462158 -88.584465 2
40.476891 -88.590492 2
40.474892 -88.611794 2
40.406792 -88.584991 2
40.481392 -88.487396 2
40.476093 -88.615196 2
40.474194 -88.624397 2
40.48439 -88.506592 2
40.467892 -88.609695 2
40.421494 -88.577194 2
40.478992 -88.499596 2
40.460537 -88.581024 2
40.409492 -88.570694 2
40.435261 -88.622963 2
40.475792 -88.514694 2
40.401516 -88.59848 2
40.411186 -88.591675 2
40.420391 -88.560493 2
40.468391 -88.511391 2
40.446774 -88.599388 2
40.401192 -88.602295 2
40.451492 -88.584694 2
40.411591 -88.614098 2
40.480347 -88.595955 2
40.474483 -88.596558 2
40.440647 -88.619469 2
40.423374 -88.580254 2
40.435593 -88.645592 2
40.435791 -88.649391 2
40.416592 -88.571198 2
40.419292 -88.574791 2
40.479691 -88.621193 2
40.473885 -88.607849 2
40.450291 -88.617393 2
40.475594 -88.578491 2
40.461349 -88.622086 2
40.425774 -88.582237 2
40.481392 -88.572693 2
40.411247 -88.583122 2
40.422791 -88.567291 2
40.462093 -88.541397 2
40.450493 -88.580994 2
40.462494 -88.533592 2
40.415493 -88.582291 2
40.406979 -88.6259 2
40.41769 -88.584892 2
40.484592 -88.492592 2
40.559593 -89.034195 2
40.60239 -89.073891 2
40.592575 -89.060204 2
40.570293 -89.072197 2
40.557293 -89.089592 2
40.595894 -89.07019 2
40.577793 -89.071693 2
40.600594 -89.09819 2
40.606991 -89.085991 2
40.562416 -89.087006 2
40.606693 -89.074692 2
40.610291 -89.040596 2
40.570591 -89.052795 2
40.556091 -89.070091 2
40.55571 -89.073311 2
40.564651 -89.068344 2
40.567692 -89.063591 2
40.564091 -89.092293 2
40.586391 -89.082794 2
40.584892 -89.040192 2
40.55619 -89.067093 2
40.568592 -89.030693 2
40.610394 -89.045891 2
40.606491 -89.069893 2
40.555492 -89.059196 2
40.571991 -89.034492 2
40.596893 -89.040192 2
40.574593 -89.087097 2
40.608692 -89.065697 2
40.619019 -89.066933 2
40.565891 -89.048996 2
40.57909 -89.050591 2
40.6022 -89.051308 2
40.563793 -89.076096 2
40.58049 -89.089592 2
40.553093 -89.077698 2
40.581692 -89.030495 2
40.614491 -89.070694 2
40.618992 -89.045891 2
40.602993 -89.088791 2
40.586594 -89.072693 2
40.596809 -89.056908 2
40.560993 -89.095497 2
40.556492 -89.053497 2
40.573593 -89.024391 2
40.584793 -89.033493 2
40.594692 -89.075592 2
40.588322 -89.044983 2
40.60799 -89.089996 2
40.569992 -89.066895 2
40.619793 -89.089691 2
40.577026 -89.101631 2
40.57999 -89.075897 2
40.564091 -89.057892 2
40.582092 -89.06369 2
40.564693 -89.035591 2
40.594692 -89.065491 2
40.601185 -89.03537 2
40.594593 -89.096092 2
40.61729 -89.082893 2
40.597794 -89.092995 2
40.620693 -89.086296 2
40.619293 -89.059952 2
40.55759 -89.086395 2
40.586491 -89.088493 2
40.622391 -89.079292 2
40.615192 -89.046394 2
40.574093 -89.073692 2
40.600674 -89.103264 2
40.562492 -89.027397 2
40.583591 -89.068291 2
40.55619 -89.036797 2
40.55949 -89.092796 2
40.616291 -89.041191 2
40.56649 -89.053993 2
40.556675 -89.075432 2
40.58419 -89.057396 2
40.609192 -89.053497 2
40.55759 -89.056297 2
40.586193 -89.051392 2
40.584991 -89.094994 2
40.58049 -89.093697 2
40.580994 -89.053497 2
40.593594 -89.045197 2
40.62149 -89.055397 2
40.578693 -89.086594 2
40.596592 -89.050896 2
40.608875 -89.077583 2
40.624992 -89.075592 2
40.566593 -89.027695 2
40.557194 -89.048897 2
40.62149 -89.082794 2
40.595592 -89.086494 2
40.566692 -89.039795 2
40.623192 -89.071693 2
40.595592 -89.033592 2
40.616791 -89.037491 2
40.609093 -89.058395 2
40.588497 -89.034637 2
40.577 -89.105347 2
40.944307 -88.297624 12
40.90906 -88.312282 12
40.902195 -88.297179 12
40.882471 -88.332703 12
40.866333 -88.314687 12
41.028349 -88.275196 12
41.013766 -88.275371 12
40.971351 -88.287343 12
40.925236 -88.269043 12
40.88257 -88.323413 12
40.901666 -88.285882 12
40.890474 -88.303464 12
40.893947 -88.326079 12
40.909068 -88.278824 12
40.916598 -88.266221 12
40.904503 -88.345196 12
40.912157 -88.336179 12
40.919378 -88.314566 12
40.957873 -88.343844 12
40.919803 -88.285562 12
40.880762 -88.312698 12
41.020875 -88.269678 12
40.933535 -88.306021 12
40.919267 -88.295653 12
40.944348 -88.354371 12
40.953548 -88.311825 12
40.945687 -88.275764 12
40.941602 -88.27091 12
40.930451 -88.296286 12
40.931196 -88.276577 12
40.915253 -88.329372 12
40.955258 -88.35309 12
40.968309 -88.335239 12
40.94535 -88.328014 12
40.961785 -88.319219 12
40.955289 -88.306027 12
40.958469 -88.291659 12
40.955813 -88.277585 12
40.88912 -88.311831 12
41.03575 -88.265141 12
40.98723 -88.336799 12
41.000019 -88.32154 12
40.988431 -88.311859 12
40.989883 -88.301783 12
40.988653 -88.291059 12
40.889627 -88.342762 12
40.925738 -88.318338 12
41.003554 -88.340352 12
41.002276 -88.331415 12
40.989646 -88.282757 12
40.999815 -88.283079 12
41.005108 -88.269382 12
40.970293 -88.261835 12
40.970155 -88.320223 12
40.88823 -88.349875 12
40.994895 -88.366093 12
40.918605 -88.346541 12
40.903902 -88.270223 12
40.929908 -88.347227 12
40.853268 -88.349442 12
40.856352 -88.344243 12
40.873911 -88.346943 12
40.867439 -88.344945 12
40.853349 -88.29116 12
40.937952 -88.349564 12
40.873107 -88.308443 12
40.9882 -88.330875 12
41.003691 -88.275301 12
40.948135 -88.289446 12
40.959324 -88.334739 12
40.9448 -88.336192 12
40.977519 -88.300937 12
40.983737 -88.365852 12
40.867172 -88.293778 12
40.897626 -88.279903 12
40.849993 -88.325139 12
40.976496 -88.254379 12
40.853798 -88.307173 12
41.028137 -88.258951 12
40.966595 -88.309786 12
40.975148 -88.311103 12
