44.446793 -96.476593 3
44.43869 -96.494392 3
44.414494 -96.462891 3
44.407593 -96.482788 3
44.418293 -96.499794 3
44.385792 -96.488792 3
44.448792 -96.494492 3
44.446892 -96.481888 3
44.43309 -96.45919 3
44.425194 -96.469788 3
44.41909 -96.494888 3
44.44989 -96.488388 3
44.432793 -96.468491 3
44.418491 -96.487991 3
44.439293 -96.468788 3
44.431892 -96.484589 3
44.385391 -96.481293 3
44.432892 -96.47789 3
44.412792 -96.47229 3
44.424892 -96.480988 3
44.38829 -96.46949 3
44.412891 -96.476692 3
44.395191 -96.476494 3
44.417294 -96.482193 3
44.491692 -96.64859 4
44.489693 -96.643089 4
44.488792 -96.616592 4
44.504292 -96.622688 4
44.539494 -96.64109 4
44.515892 -96.602493 4
44.532593 -96.696892 4
44.525993 -96.651894 4
44.525192 -96.663689 4
44.553993 -96.685394 4
44.547394 -96.634689 4
44.534191 -96.570793 4
44.490292 -96.58799 4
44.523392 -96.62249 4
44.541992 -96.57959 4
44.53429 -96.683693 4
44.539093 -96.656387 4
44.490292 -96.591789 4
44.524193 -96.60849 4
44.52309 -96.672592 4
44.535191 -96.67469 4
44.52589 -96.648392 4
44.525993 -96.655289 4
44.548893 -96.650291 4
44.554493 -96.592392 4
44.539494 -96.65229 4
44.539192 -96.66349 4
44.54549 -96.616692 4
44.54549 -96.609093 4
44.525993 -96.658989 4
44.524193 -96.596092 4
44.515892 -96.58239 4
44.522392 -96.62899 4
44.539093 -96.659889 4
44.524193 -96.599892 4
44.554493 -96.595993 4
44.533493 -96.692993 4
44.540092 -96.601395 4
44.545391 -96.605293 4
44.531792 -96.618492 4
44.513191 -96.655693 4
44.522991 -96.668793 4
44.548992 -96.625587 4
44.540092 -96.59359 4
44.531792 -96.622688 4
44.531693 -96.578094 4
44.533493 -96.688889 4
44.524193 -96.612694 4
44.503792 -96.64209 4
44.508392 -96.59269 4
44.501392 -96.655693 4
44.50399 -96.628288 4
44.553993 -96.692291 4
44.539494 -96.648293 4
44.539494 -96.637093 4
44.537193 -96.668694 4
44.554993 -96.578995 4
44.489693 -96.639191 4
44.513191 -96.651993 4
44.547291 -96.639389 4
44.48999 -96.608292 4
44.525391 -96.592094 4
44.525494 -96.587891 4
44.513191 -96.662888 4
44.52309 -96.676392 4
44.555004 -96.584435 4
44.554092 -96.666992 4
44.508392 -96.588791 4
44.501591 -96.663589 4
44.502892 -96.648491 4
44.490292 -96.582687 4
44.516392 -96.597794 4
44.488892 -96.596092 4
44.491093 -96.660088 4
44.524193 -96.616989 4
44.541992 -96.57579 4
44.48999 -96.612595 4
44.540092 -96.597488 4
44.54549 -96.612892 4
44.491692 -96.656693 4
44.504292 -96.618294 4
44.553993 -96.688789 4
44.502991 -96.651993 4
44.554993 -96.588287 4
44.513191 -96.659294 4
44.54829 -96.630493 4
44.540791 -96.633591 4
44.548893 -96.644989 4
44.503792 -96.638191 4
44.534191 -96.574287 4
44.534191 -96.563293 4
44.554092 -96.671494 4
44.518993 -96.575691 4
44.532494 -96.700493 4
44.51799 -96.578888 4
44.50399 -96.631889 4
44.554092 -96.659988 4
44.534691 -96.67939 4
44.513191 -96.64859 4
44.501492 -96.659691 4
44.554092 -96.680489 4
44.491093 -96.663788 4
44.554493 -96.599594 4
44.534191 -96.566994 4
44.554092 -96.676094 4
43.710575 -95.796524 15
43.722992 -95.815292 15
43.709091 -95.800293 15
43.723091 -95.804588 15
43.726593 -95.789093 15
43.719093 -95.80069 15
43.706093 -95.815193 15
43.708092 -95.786095 15
43.714592 -95.819092 15
43.704693 -95.809494 15
43.715855 -95.789299 15
43.728592 -95.799889 15
43.713192 -95.805992 15
43.705791 -95.827293 15
43.722992 -95.820496 15
44.458103 -96.529701 6
44.476563 -96.588264 6
44.460922 -96.588509 6
44.45396 -96.54895 6
44.420223 -96.57457 7
44.416443 -96.553169 7
44.449203 -96.530312 6
44.447971 -96.588448 6
44.43222 -96.575203 6
44.454052 -96.554344 6
44.449612 -96.574402 7
44.465992 -96.572578 6
44.421253 -96.568954 6
44.449123 -96.579704 6
44.458061 -96.59845 6
44.418293 -96.578728 6
44.460922 -96.582558 6
44.432072 -96.559929 6
44.447971 -96.542068 6
44.438133 -96.597862 6
44.452293 -96.561264 6
44.458054 -96.60479 6
44.429893 -96.594589 6
44.458111 -96.534775 6
44.449402 -96.536842 6
44.458672 -96.524071 6
44.458363 -96.541183 6
44.458042 -96.616829 6
44.435162 -96.532684 6
44.432693 -96.58152 6
44.449783 -96.568329 6
44.438152 -96.603424 6
44.436474 -96.538353 6
44.417751 -96.548882 6
44.418102 -96.560181 6
44.429764 -96.589104 6
44.471664 -96.559731 6
44.458031 -96.611641 6
43.482292 -95.52179 7
43.482292 -95.517189 7
43.482292 -95.51239 7
43.846893 -95.903893 5
43.908493 -95.96759 5
43.861092 -95.888695 5
43.890892 -95.931694 5
43.836594 -95.921089 5
43.864292 -96.009392 5
43.905792 -95.988693 5
43.849991 -95.896889 5
43.882294 -95.907593 5
43.888493 -96.006088 5
43.902893 -95.934593 5
43.86869 -96.018394 5
43.910393 -95.965195 5
43.870193 -95.898392 5
43.888992 -95.906494 5
43.869972 -95.911026 5
43.889294 -95.972992 5
43.864491 -95.995193 5
43.871792 -96.005493 5
43.882092 -95.930489 5
43.907993 -95.975792 5
43.898594 -95.99659 5
43.909893 -95.934189 5
43.885391 -95.914589 5
43.910393 -95.971092 5
43.896793 -95.966789 5
43.87849 -95.894295 5
43.864792 -95.922989 5
43.852894 -96.012589 5
43.875351 -95.92083 5
43.856293 -95.992195 5
43.87479 -96.03009 5
43.901093 -95.915291 5
43.858093 -95.893791 5
43.911892 -95.958893 5
43.846394 -95.899193 5
43.859093 -96.011589 5
43.876896 -95.902458 5
43.885593 -95.888992 5
43.87989 -95.903091 5
43.853291 -96.006592 5
43.851994 -95.889091 5
43.912693 -95.97789 5
43.854294 -96.00119 5
43.898491 -95.934494 5
43.872494 -95.894791 5
43.907593 -95.939194 5
43.875492 -96.022293 5
43.832291 -95.909988 5
43.884892 -95.974792 5
43.865391 -95.905991 5
43.883091 -96.009193 5
43.897991 -95.96109 5
43.852894 -96.018295 5
43.876091 -95.879089 5
43.898991 -95.92569 5
43.830791 -95.920792 5
43.883591 -95.926193 5
43.839291 -95.90419 5
43.859493 -96.00679 5
43.880993 -96.014488 5
43.858391 -96.015694 5
43.88739 -96.009689 5
43.89579 -95.91449 5
43.873993 -95.99649 5
43.886791 -95.899689 5
43.880894 -96.018494 5
43.904694 -95.929291 5
43.910191 -95.929794 5
43.881393 -96.026993 5
43.904591 -95.973892 5
43.889091 -95.996994 5
43.869492 -95.922791 5
43.895592 -96.017395 5
43.847591 -95.916389 5
43.860493 -95.908493 5
43.889393 -95.968994 5
43.885391 -95.932793 5
43.868393 -96.006989 5
43.836693 -95.916489 5
43.832291 -95.915993 5
43.902393 -95.965492 5
43.854492 -95.918991 5
43.830292 -95.926689 5
43.885593 -95.893791 5
43.897694 -95.91069 5
43.837891 -95.908089 5
43.866993 -95.91539 5
43.85239 -95.997292 5
43.901093 -95.974091 5
43.835091 -95.910194 5
43.903793 -95.979294 5
43.870392 -95.996994 5
43.873192 -96.015991 5
43.821293 -95.914192 5
43.896893 -95.920395 5
43.821194 -95.918892 5
43.864292 -96.005592 5
43.872494 -95.901993 5
43.820892 -95.927193 5
43.901291 -95.921692 5
43.852791 -95.989395 5
43.879593 -95.912994 5
43.887093 -95.948593 5
43.878792 -95.93309 5
43.855492 -95.900894 5
43.853092 -95.905693 5
43.87339 -96.001793 5
43.859192 -95.914093 5
43.860291 -96.002991 5
43.912693 -95.982994 5
43.888191 -96.015793 5
43.895992 -96.002792 5
43.818394 -95.908592 5
43.821392 -95.923096 5
43.841591 -95.910789 5
43.873993 -95.934296 5
43.875492 -96.026291 5
43.898792 -95.929794 5
43.836693 -95.926392 5
43.890591 -95.925591 5
43.903492 -95.992592 5
43.841991 -95.896889 5
43.852791 -95.894691 5
43.884792 -95.966293 5
43.849991 -95.913994 5
43.870392 -95.87899 5
43.887493 -95.938293 5
43.89579 -95.975693 5
43.866692 -95.989891 5
43.85799 -95.99749 5
43.856091 -95.913994 5
43.874493 -96.034195 5
43.872593 -95.988991 5
43.870159 -95.907112 5
43.893494 -95.93679 5
43.894493 -96.013695 5
42.897919 -95.754272 8
42.871311 -95.708511 6
42.873135 -95.777725 6
42.847633 -95.851601 6
42.876453 -95.827545 8
42.861744 -95.787025 6
42.846813 -95.805862 6
42.824944 -95.74231 7
42.901272 -95.787468 7
42.828281 -95.765228 8
42.893787 -95.710098 7
42.854591 -95.757271 8
42.904366 -95.743256 7
42.861431 -95.83606 8
42.829231 -95.84655 8
42.886574 -95.827019 8
42.874577 -95.807053 8
42.904869 -95.772263 7
42.857212 -95.814148 6
42.885105 -95.749062 6
42.841694 -95.830284 6
42.886482 -95.791672 6
42.906837 -95.758003 8
42.830803 -95.753151 8
42.872242 -95.78669 6
42.870983 -95.713699 6
42.890331 -95.698509 7
42.842731 -95.824638 6
42.850151 -95.784363 6
42.872749 -95.769135 6
42.891159 -95.693878 7
42.900906 -95.792709 7
42.871021 -95.847214 8
42.885757 -95.729088 8
42.864414 -95.771759 6
42.893005 -95.714806 8
42.864681 -95.755264 6
42.864601 -95.762749 6
42.871212 -95.7444 6
42.861111 -95.748001 8
42.893799 -95.76474 7
42.849953 -95.79158 6
42.891094 -95.809334 6
42.862762 -95.777214 8
42.870548 -95.73304 6
42.853451 -95.845795 8
42.861679 -95.807693 6
42.847424 -95.767738 6
42.830193 -95.841484 8
42.863213 -95.831841 8
42.872543 -95.842361 6
42.835651 -95.727715 8
42.829243 -95.757515 8
42.903667 -95.776787 7
42.901054 -95.747971 7
42.850163 -95.762573 6
42.824783 -95.729179 7
42.871479 -95.797661 6
42.872803 -95.83625 8
42.886585 -95.735481 6
42.893719 -95.776764 8
42.874863 -95.812134 6
42.841911 -95.836761 6
42.870972 -95.749481 6
42.886513 -95.797684 6
42.859333 -95.792419 6
42.871361 -95.703659 6
42.825123 -95.723625 7
42.839893 -95.723709 8
42.871834 -95.791656 8
42.904743 -95.765587 7
42.863571 -95.80365 8
42.883507 -95.783783 8
42.857311 -95.842079 6
42.889034 -95.814949 8
42.883678 -95.708908 8
42.875587 -95.728043 8
42.885933 -95.755463 6
42.885513 -95.767143 6
42.839432 -95.772179 6
42.839752 -95.856285 6
42.900795 -95.797394 7
43.049824 -95.535255 9
43.057133 -95.542046 9
43.015774 -95.561539 9
43.050541 -95.61348 9
43.135384 -95.577744 9
43.095936 -95.567841 9
43.020813 -95.59153 9
43.038582 -95.579948 9
43.050774 -95.517288 9
43.024082 -95.647148 9
43.020744 -95.521973 9
43.094944 -95.532181 9
43.021774 -95.70047 9
43.091446 -95.591377 9
43.138943 -95.562332 9
43.035793 -95.656319 9
43.017262 -95.63662 9
43.031612 -95.699524 9
43.016834 -95.660385 9
43.050194 -95.637535 9
43.056313 -95.547119 9
43.074444 -95.532982 9
42.984692 -95.607269 9
43.093472 -95.581238 9
43.036884 -95.535873 9
43.036781 -95.531059 9
43.023811 -95.651283 9
43.033623 -95.56955 9
43.053513 -95.666504 9
43.049942 -95.539352 9
43.123672 -95.581635 9
43.122883 -95.537872 9
43.109543 -95.601624 9
43.087791 -95.561455 9
42.994213 -95.586708 9
43.103371 -95.51796 9
43.06562 -95.578133 9
43.062222 -95.651474 9
43.132133 -95.607132 9
43.088573 -95.542152 9
43.131599 -95.615395 9
43.017342 -95.69001 9
43.036652 -95.641411 9
43.109642 -95.541412 9
43.028713 -95.519974 9
43.007954 -95.577812 9
43.037151 -95.633163 9
43.139023 -95.557831 9
43.026863 -95.63755 9
43.036152 -95.660721 9
43.015694 -95.547462 9
43.045303 -95.561714 9
43.032623 -95.507568 9
43.045872 -95.659676 9
43.064774 -95.57206 9
43.049484 -95.581665 9
43.135582 -95.571869 9
43.079521 -95.581268 9
42.985714 -95.58609 9
43.060783 -95.601814 9
43.065842 -95.656761 9
43.147583 -95.556091 9
43.050301 -95.641594 9
42.998234 -95.537338 9
43.111851 -95.537865 9
43.080711 -95.656212 9
43.050713 -95.608444 9
43.050354 -95.6717 9
43.080433 -95.55262 9
43.001007 -95.557709 9
43.049454 -95.577126 9
43.094971 -95.527451 9
43.019844 -95.517464 9
43.024174 -95.569191 9
43.022572 -95.573318 9
43.019634 -95.587303 9
43.017864 -95.611984 9
43.045822 -95.598183 9
43.019741 -95.596809 9
42.999344 -95.553764 9
43.066792 -95.551323 9
43.032673 -95.55101 9
43.059822 -95.537819 9
43.030781 -95.673203 9
43.136642 -95.567375 9
43.078781 -95.661194 9
42.991272 -95.527061 9
43.031479 -95.555496 9
43.065563 -95.528954 9
43.066452 -95.559219 9
43.043663 -95.528122 9
43.119164 -95.557655 9
43.037132 -95.637611 9
43.037544 -95.587349 9
43.091145 -95.596802 9
43.002953 -95.548653 9
43.016823 -95.655624 9
43.031384 -95.69046 9
43.074192 -95.549339 9
43.045971 -95.655128 9
43.081821 -95.55793 9
43.124142 -95.53315 9
42.995472 -95.611649 9
43.038494 -95.629349 9
43.020153 -95.619843 9
43.015781 -95.532539 9
43.020081 -95.695259 9
43.123722 -95.577469 9
43.106934 -95.531471 9
43.045002 -95.552765 9
43.094601 -95.557114 9
42.984802 -95.611702 9
43.046062 -95.646294 9
43.110081 -95.6092 9
43.050472 -95.590179 9
43.079334 -95.572334 9
43.117924 -95.589272 9
43.015724 -95.556885 9
43.035511 -95.57312 9
43.146851 -95.572113 9
43.005142 -95.531441 9
43.123253 -95.60199 9
43.147682 -95.560242 9
43.045933 -95.650665 9
43.030972 -95.596642 9
43.067001 -95.532906 9
43.146881 -95.567986 9
43.037151 -95.60157 9
43.103401 -95.513145 9
42.994114 -95.590965 9
43.032063 -95.60746 9
43.071724 -95.650826 9
43.132992 -95.552673 9
43.049526 -95.572151 9
43.018261 -95.676331 9
43.029854 -95.667915 9
43.110104 -95.614059 9
43.096165 -95.561668 9
42.991322 -95.532555 9
43.020252 -95.615623 9
43.058201 -95.579834 9
43.122353 -95.551659 9
43.008102 -95.581749 9
43.050201 -95.676735 9
43.140072 -95.548805 9
43.093502 -95.577225 9
43.132374 -95.611259 9
43.026844 -95.641449 9
43.049461 -95.56768 9
43.152641 -95.55275 9
43.111061 -95.592552 9
43.035572 -95.591034 9
43.013901 -95.628334 9
43.035503 -95.57679 9
43.067074 -95.598389 9
43.104511 -95.597092 9
43.078354 -95.51722 9
43.015892 -95.551949 9
43.064613 -95.555939 9
43.018211 -95.672325 9
43.002823 -95.590836 9
43.152702 -95.547623 9
43.002762 -95.596008 9
42.987671 -95.619873 9
43.045052 -95.548676 9
43.077602 -95.592995 9
43.032661 -95.515221 9
43.09584 -95.572136 9
43.079674 -95.577393 9
43.079422 -95.568512 9
43.035461 -95.679771 9
43.000851 -95.561592 9
43.031502 -95.559853 9
43.035503 -95.675781 9
43.103424 -95.507919 9
43.109283 -95.63205 9
43.122162 -95.528885 9
43.031712 -95.695343 9
43.059601 -95.519524 9
42.994862 -95.59623 9
43.133102 -95.547821 9
43.106297 -95.578293 9
43.037094 -95.620155 9
43.050564 -95.594688 9
43.056374 -95.55143 9
43.061054 -95.562035 9
43.109371 -95.627998 9
43.036823 -95.518471 9
43.017372 -95.680389 9
42.987164 -95.615883 9
43.074364 -95.528259 9
43.119194 -95.562408 9
42.995651 -95.607704 9
43.115524 -95.554611 9
43.088661 -95.537918 9
43.065842 -95.661613 9
43.007103 -95.618271 9
43.017353 -95.685684 9
43.077492 -95.587761 9
43.035862 -95.540276 9
43.120251 -95.547691 9
43.032143 -95.612099 9
43.032623 -95.511292 9
43.071674 -95.63961 9
43.066654 -95.547279 9
43.026833 -95.632698 9
43.050571 -95.617981 9
43.133461 -95.600525 9
42.987293 -95.600975 9
43.018272 -95.667892 9
43.077763 -95.538925 9
44.336193 -96.480293 5
44.300793 -96.372787 5
44.244392 -96.348389 5
44.306393 -96.455589 5
44.304394 -96.36689 5
44.294392 -96.388191 5
44.31089 -96.435394 5
44.277393 -96.354393 5
44.326893 -96.446892 5
44.304394 -96.375893 5
44.275192 -96.333794 5
44.294743 -96.440445 5
44.344692 -96.491089 5
44.337193 -96.474487 5
44.34679 -96.503189 5
44.244694 -96.353294 5
44.288692 -96.38559 5
44.328293 -96.469589 5
44.314491 -96.426788 5
44.335091 -96.448189 5
44.318493 -96.442291 5
44.266792 -96.34449 5
44.346893 -96.499489 5
44.357792 -96.493591 5
44.26659 -96.329292 5
44.278893 -96.361694 5
44.277493 -96.350288 5
44.244392 -96.359993 5
44.256592 -96.340889 5
44.295792 -96.36779 5
44.357292 -96.502495 5
44.244694 -96.336388 5
44.304993 -96.406693 5
44.303493 -96.415588 5
44.344292 -96.47509 5
44.26659 -96.326195 5
44.341091 -96.44899 5
44.301693 -96.40979 5
44.296391 -96.396088 5
44.317593 -96.473793 5
44.257191 -96.355591 5
44.277592 -96.344894 5
44.344711 -96.495766 5
44.315891 -96.461594 5
44.304592 -96.460594 5
44.271793 -96.376793 5
44.331291 -96.494392 5
44.292091 -96.394691 5
44.277092 -96.339394 5
44.324192 -96.492294 5
44.346992 -96.462395 5
44.304993 -96.441292 5
44.328491 -96.483391 5
44.346191 -96.450493 5
44.311092 -96.417587 5
44.313091 -96.457092 5
44.319893 -96.459892 5
44.30619 -96.401192 5
44.308193 -96.421791 5
44.348991 -96.471291 5
44.329891 -96.442589 5
44.25629 -96.33699 5
44.245193 -96.34079 5
44.33839 -96.468491 5
44.337391 -96.459991 5
44.32299 -96.449287 5
44.345493 -96.458488 5
44.327991 -96.459793 5
44.356693 -96.488792 5
44.351093 -96.477989 5
44.342491 -96.455093 5
44.292591 -96.400589 5
44.272491 -96.342094 5
44.323692 -96.463287 5
44.318192 -96.435791 5
44.27869 -96.365692 5
44.294991 -96.358589 5
44.35239 -96.483688 5
44.343693 -96.482788 5
44.358192 -96.498192 5
44.322193 -96.483589 5
44.263592 -96.36969 5
44.330692 -96.48909 5
44.308392 -96.429291 5
44.329193 -96.464088 5
44.296291 -96.43589 5
44.288593 -96.389389 5
44.301392 -96.397591 5
44.311592 -96.449287 5
44.299992 -96.405991 5
44.271591 -96.372391 5
44.273392 -96.326294 5
44.27079 -96.332993 5
44.311291 -96.406288 5
44.273293 -96.35759 5
44.328293 -96.476791 5
44.306793 -96.397293 5
44.293392 -96.371391 5
44.271191 -96.368492 5
44.267593 -96.350594 5
44.12899 -96.080994 5
44.135292 -96.096893 5
44.113792 -96.077591 5
44.113392 -96.091293 5
44.057491 -96.021194 5
44.11729 -96.097893 5
44.07394 -96.019455 5
44.074692 -96.01329 5
44.135292 -96.099792 5
44.115292 -96.072395 5
44.12899 -96.077888 5
44.113392 -96.088692 5
44.126392 -96.048988 5
44.114193 -96.074791 5
44.12619 -96.059395 5
44.125294 -96.062492 5
44.057491 -96.01519 5
44.135094 -96.105492 5
44.12899 -96.068192 5
44.135094 -96.108292 5
44.113392 -96.08049 5
44.057491 -96.012192 5
44.074291 -96.016495 5
44.126392 -96.05249 5
44.057491 -96.018188 5
44.135292 -96.102692 5
44.11729 -96.101089 5
44.07349 -96.022491 5
44.135094 -96.111389 5
44.12899 -96.071495 5
44.126492 -96.055893 5
44.135292 -96.094193 5
44.12899 -96.074692 5
44.056293 -96.049294 5
44.040592 -96.069389 5
44.079391 -96.067192 5
44.082893 -96.07019 5
44.082092 -96.05999 5
44.063892 -96.048294 5
44.056293 -96.072693 5
44.055191 -96.052589 5
44.073292 -96.047493 5
44.058792 -96.035889 5
44.055893 -96.069595 5
44.082893 -96.062691 5
44.054893 -96.060791 5
44.082092 -96.049095 5
44.083992 -96.053192 5
44.05759 -96.039894 5
44.064693 -96.045395 5
44.064991 -96.051392 5
44.068691 -96.042496 5
44.073692 -96.055092 5
44.056091 -96.042595 5
44.044693 -96.069092 5
44.073891 -96.051292 5
44.073994 -96.057793 5
44.064491 -96.054794 5
44.055592 -96.056496 5
44.088593 -96.062889 5
44.065292 -96.057594 5
44.064392 -96.061089 5
44.074291 -96.042091 5
44.049091 -96.069191 5
44.057892 -96.045494 5
44.081993 -96.056992 5
44.083591 -96.067696 5
43.664692 -95.811295 5
43.705193 -95.75489 5
43.700394 -95.849396 5
43.647034 -95.781921 5
43.677593 -95.768089 5
43.657791 -95.779289 5
43.653294 -95.776894 5
43.721893 -95.827393 5
43.67329 -95.737892 5
43.656391 -95.788391 5
43.712994 -95.828995 5
43.686092 -95.826691 5
43.682892 -95.745491 5
43.706593 -95.765388 5
43.69939 -95.822792 5
43.69519 -95.727394 5
43.719391 -95.76239 5
43.684792 -95.740692 5
43.661694 -95.82489 5
43.667191 -95.798393 5
43.693394 -95.818588 5
43.696793 -95.827591 5
43.69939 -95.84359 5
43.668694 -95.748291 5
43.684994 -95.787994 5
43.694092 -95.835594 5
43.696892 -95.721596 5
43.726391 -95.827492 5
43.735592 -95.86129 5
43.728592 -95.768593 5
43.676491 -95.719589 5
43.661091 -95.830589 5
43.706493 -95.749191 5
43.664192 -95.802589 5
43.718193 -95.827393 5
43.68259 -95.813095 5
43.667294 -95.806595 5
43.735691 -95.867294 5
43.678692 -95.744392 5
43.647491 -95.775795 5
43.64019 -95.778091 5
43.678593 -95.749695 5
43.639992 -95.811089 5
43.727692 -95.83699 5
43.713593 -95.848694 5
43.672291 -95.820389 5
43.715294 -95.861893 5
43.658894 -95.835594 5
43.644093 -95.770393 5
43.676292 -95.757393 5
43.679993 -95.76149 5
43.653492 -95.83149 5
43.64019 -95.772293 5
43.662693 -95.839493 5
43.644093 -95.745895 5
43.697792 -95.739792 5
43.714191 -95.758293 5
43.64439 -95.740089 5
43.699692 -95.729393 5
43.690792 -95.725288 5
43.647694 -95.758392 5
43.676292 -95.762489 5
43.713791 -95.769295 5
43.707893 -95.847389 5
43.681393 -95.719795 5
43.692493 -95.840889 5
43.655491 -95.771393 5
43.667294 -95.728195 5
43.69009 -95.740295 5
43.640591 -95.749092 5
43.706593 -95.743393 5
43.652191 -95.784889 5
43.691994 -95.824593 5
43.684692 -95.721992 5
43.691193 -95.831192 5
43.728592 -95.780289 5
43.719193 -95.756393 5
43.682793 -95.830292 5
43.686394 -95.820389 5
43.699493 -95.817795 5
43.735394 -95.847992 5
43.712692 -95.839394 5
43.647392 -95.829895 5
43.66349 -95.816689 5
43.651493 -95.790993 5
43.712791 -95.866493 5
43.710793 -95.765091 5
43.676693 -95.725494 5
43.651192 -95.769989 5
43.668491 -95.824394 5
43.680191 -95.755394 5
43.709492 -95.756195 5
43.661892 -95.797791 5
43.692093 -95.719894 5
43.699291 -95.837494 5
43.676693 -95.788795 5
43.685093 -95.769196 5
43.671791 -95.727989 5
43.687393 -95.717995 5
43.68729 -95.850395 5
43.669594 -95.734795 5
43.736691 -95.841995 5
43.667591 -95.818092 5
43.640293 -95.758293 5
43.643993 -95.761795 5
43.664692 -95.84449 5
43.663094 -95.728394 5
43.670391 -95.802589 5
43.678192 -95.827095 5
43.696194 -95.85009 5
43.64019 -95.804695 5
43.66909 -95.81189 5
43.724392 -95.776291 5
43.707493 -95.737495 5
43.724392 -95.767494 5
43.680191 -95.73819 5
43.727993 -95.856995 5
43.705292 -95.770393 5
43.712292 -95.857796 5
43.71899 -95.775993 5
43.730694 -95.864594 5
43.684792 -95.762489 5
43.647392 -95.788292 5
43.701992 -95.740593 5
43.684692 -95.85479 5
43.669491 -95.740593 5
43.728592 -95.77449 5
43.658894 -95.767891 5
43.672592 -95.808189 5
43.684593 -95.807991 5
43.643791 -95.801788 5
43.665691 -95.829491 5
43.654591 -95.825592 5
43.641193 -95.765892 5
43.19416 -95.53286 12
43.176205 -95.608192 12
43.213524 -95.712509 12
43.195572 -95.706306 9
43.2379 -95.582443 12
43.190521 -95.557594 12
43.224941 -95.556686 12
43.227757 -95.688255 9
43.176327 -95.617836 12
43.197807 -95.540718 12
43.202316 -95.55191 12
43.195141 -95.720016 12
43.176029 -95.577461 12
43.238808 -95.626526 12
43.215954 -95.5718 12
43.237591 -95.560936 12
43.190483 -95.553322 12
43.211712 -95.593307 12
43.202286 -95.547539 12
43.189682 -95.538246 12
43.153465 -95.611496 12
43.165958 -95.600662 12
43.169247 -95.548126 12
43.224983 -95.537888 12
43.191277 -95.696014 9
43.220146 -95.676155 9
43.195225 -95.715645 12
43.238007 -95.58741 12
43.230347 -95.580185 12
43.194126 -95.519226 12
43.162086 -95.562569 12
43.162113 -95.567314 12
43.224911 -95.529617 12
43.169338 -95.558189 12
43.220058 -95.582703 12
43.175835 -95.593254 12
43.240829 -95.617096 12
43.150593 -95.589699 12
43.226913 -95.569168 12
43.211662 -95.597801 12
43.220055 -95.680992 9
43.240677 -95.60733 12
43.224937 -95.552162 12
43.227718 -95.692535 9
43.189705 -95.542206 12
43.1693 -95.553093 12
43.194218 -95.73053 12
43.219215 -95.696564 9
43.233391 -95.532959 12
43.195274 -95.711212 12
43.153446 -95.607109 12
43.153454 -95.602081 12
43.191311 -95.700691 9
43.144035 -95.608665 12
43.222561 -95.589958 12
43.162045 -95.581795 12
43.222626 -95.593826 12
43.237614 -95.569214 12
43.162094 -95.572014 12
43.233334 -95.522911 12
43.162022 -95.586952 12
43.191288 -95.691216 9
43.202496 -95.690498 9
43.165985 -95.620308 12
43.234364 -95.59642 12
43.234447 -95.601311 12
43.215702 -95.551224 12
43.165981 -95.596169 12
43.21172 -95.602303 12
43.147903 -95.593773 12
43.235374 -95.591454 12
43.213516 -95.708641 12
43.144058 -95.613045 12
43.22496 -95.561226 12
43.162022 -95.591492 12
43.153484 -95.61586 12
43.176373 -95.567459 12
43.147881 -95.598137 12
43.238819 -95.630615 9
43.215881 -95.567589 12
43.175777 -95.588387 12
43.219231 -95.701157 9
43.212059 -95.541924 12
43.176071 -95.581512 12
43.233166 -95.514175 12
43.220001 -95.578636 12
43.197773 -95.536652 12
43.22496 -95.533752 12
43.19421 -95.725426 12
43.202465 -95.686012 9
43.19183 -95.572166 12
43.189495 -95.562172 12
43.227406 -95.607254 12
43.233353 -95.528587 12
43.237797 -95.578217 12
43.227467 -95.611313 12
43.175953 -95.572014 12
43.237709 -95.573586 12
43.151974 -95.620331 12
43.176266 -95.613068 12
43.233238 -95.518517 12
43.162064 -95.577408 12
43.165977 -95.615715 12
43.803493 -96.269989 13
43.803493 -96.287491 13
43.821194 -96.281296 13
43.774391 -96.270294 13
43.807892 -96.264488 13
43.788891 -96.261391 13
43.76659 -96.338089 13
43.811291 -96.306091 13
43.803593 -96.29599 13
43.821293 -96.286194 13
43.75349 -96.32769 13
43.803593 -96.313889 13
43.803093 -96.221695 13
43.791992 -96.22699 13
43.808792 -96.24559 13
43.830791 -96.280495 13
43.817993 -96.265694 13
43.811394 -96.295189 13
43.792294 -96.285995 13
43.778591 -96.221695 13
43.828194 -96.31739 13
43.792492 -96.298988 13
43.792393 -96.294792 13
43.823692 -96.324493 13
43.739891 -96.338196 13
43.769093 -96.361389 13
43.81649 -96.307892 13
43.791992 -96.219795 13
43.82299 -96.24749 13
43.757893 -96.302391 13
43.816391 -96.287895 13
43.803493 -96.28289 13
43.797493 -96.224289 13
43.772392 -96.229294 13
43.815693 -96.22509 13
43.811394 -96.28949 13
43.742092 -96.334496 13
43.764591 -96.327789 13
43.792294 -96.289696 13
43.821392 -96.298195 13
43.792091 -96.240791 13
43.803692 -96.239189 13
43.811394 -96.298988 13
43.803593 -96.299492 13
43.823391 -96.261795 13
43.797993 -96.289391 13
43.785992 -96.335289 13
43.788891 -96.265091 13
43.81649 -96.296692 13
43.779194 -96.260391 13
43.77869 -96.342789 13
43.786991 -96.28109 13
43.811192 -96.309792 13
43.798092 -96.294891 13
43.784992 -96.228088 13
43.823692 -96.328194 13
43.803493 -96.265991 13
43.808891 -96.25589 13
43.803493 -96.307289 13
43.744392 -96.329193 13
43.769192 -96.36779 13
43.789093 -96.305595 13
43.803391 -96.275696 13
43.830692 -96.284691 13
43.778191 -96.263794 13
43.78709 -96.320595 13
43.803692 -96.329193 13
43.82299 -96.235596 13
43.798191 -96.299194 13
43.803593 -96.31749 13
43.803493 -96.321091 13
43.798191 -96.30349 13
43.792191 -96.245193 13
43.821392 -96.302094 13
43.777592 -96.26709 13
43.830692 -96.288391 13
43.823093 -96.24379 13
43.763893 -96.307991 13
43.811394 -96.302689 13
43.75489 -96.304893 13
43.784893 -96.223694 13
43.828491 -96.254791 13
43.792294 -96.282394 13
43.782993 -96.241692 13
43.774994 -96.346191 13
43.81649 -96.300491 13
43.821293 -96.289795 13
43.74979 -96.315491 13
43.810593 -96.314095 13
43.788193 -96.328789 13
43.821392 -96.29409 13
43.792294 -96.278694 13
43.792091 -96.237091 13
43.803391 -96.278992 13
43.82579 -96.257095 13
43.77169 -96.354996 13
43.803593 -96.325089 13
43.774391 -96.275696 13
43.828194 -96.321594 13
43.810593 -96.318794 13
43.760593 -96.298592 13
43.797894 -96.281792 13
43.811394 -96.286293 13
43.782192 -96.339195 13
43.808792 -96.22509 13
43.808792 -96.249992 13
43.803093 -96.225395 13
43.808792 -96.240891 13
43.797894 -96.285492 13
43.815693 -96.229095 13
43.782993 -96.237091 13
43.791992 -96.22319 13
43.74929 -96.320694 13
43.830692 -96.27639 13
43.772591 -96.279388 13
43.784893 -96.219193 13
43.770893 -96.335594 13
43.803593 -96.303093 13
43.81649 -96.304192 13
44.466103 -96.183777 14
44.496571 -96.124718 2
44.505867 -96.202911 2
44.500557 -96.194168 2
44.514629 -96.12381 2
44.507221 -96.234741 14
44.405418 -96.11396 2
44.422054 -96.134956 2
44.392857 -96.104317 2
44.519688 -96.238998 2
44.458492 -96.224892 14
44.486259 -96.136765 2
44.512733 -96.172684 14
44.490471 -96.165863 14
44.464436 -96.145103 2
44.479668 -96.154015 2
44.529388 -96.1679 14
44.392223 -96.097397 14
44.506496 -96.122704 14
44.49036 -96.14502 2
44.490707 -96.237152 14
44.413784 -96.115906 14
44.486366 -96.094086 14
44.486443 -96.113022 2
44.520676 -96.216873 14
44.479443 -96.144936 2
44.465862 -96.177254 2
44.511677 -96.209946 14
44.458015 -96.190422 14
44.53083 -96.186127 2
44.506321 -96.154617 14
44.5172 -96.178116 14
44.450165 -96.142784 2
44.468334 -96.136948 2
44.427296 -96.153709 14
44.394524 -96.136292 14
44.499912 -96.142906 2
44.497852 -96.164154 14
44.424702 -96.093849 2
44.450615 -96.227943 2
44.442207 -96.217743 14
44.483234 -96.129211 2
44.512775 -96.137711 14
44.49176 -96.195572 2
44.520943 -96.173035 14
44.402061 -96.095009 2
44.529613 -96.156242 14
44.381508 -96.104622 2
44.498463 -96.158798 14
44.397221 -96.126801 2
44.453846 -96.15593 2
44.435398 -96.136192 14
44.513454 -96.158638 14
44.496929 -96.108688 2
44.479034 -96.122803 2
44.519661 -96.165222 14
44.469982 -96.215858 14
44.507511 -96.088181 14
44.504501 -96.094429 2
44.514809 -96.223961 14
44.497623 -96.148102 14
44.523136 -96.213852 2
44.471931 -96.144409 2
44.530899 -96.199326 2
44.487114 -96.151733 2
44.482105 -96.11776 14
44.499077 -96.11676 14
44.525402 -96.126328 14
44.469978 -96.235779 14
44.417053 -96.081345 2
44.451363 -96.163391 2
44.43351 -96.1661 14
44.496929 -96.132713 14
44.464684 -96.226967 2
44.449821 -96.205002 2
44.518562 -96.149384 14
44.494049 -96.097542 14
44.449623 -96.234329 2
44.391018 -96.125252 14
44.462013 -96.158379 2
44.52634 -96.193008 14
44.464245 -96.218681 2
44.482201 -96.183647 2
44.508778 -96.227303 14
44.480743 -96.177734 14
44.46764 -96.152618 2
44.405914 -96.104919 2
44.477406 -96.158302 14
44.472435 -96.131485 14
44.519901 -96.230721 14
44.436398 -96.172318 2
44.417137 -96.093651 14
44.408485 -96.094193 2
44.449791 -96.210014 2
44.449673 -96.167099 14
44.526314 -96.146317 2
44.510143 -96.215172 2
44.421616 -96.110809 2
44.446323 -96.157074 14
44.513943 -96.235512 14
