43.846893 -95.903893 5
43.908493 -95.96759 5
43.861092 -95.888695 5
43.890892 -95.931694 5
43.836594 -95.921089 5
43.864292 -96.009392 5
43.905792 -95.988693 5
43.849991 -95.896889 5
43.882294 -95.907593 5
43.888493 -96.006088 5
43.902893 -95.934593 5
43.86869 -96.018394 5
43.910393 -95.965195 5
43.870193 -95.898392 5
43.888992 -95.906494 5
43.869972 -95.911026 5
43.889294 -95.972992 5
43.864491 -95.995193 5
43.871792 -96.005493 5
43.882092 -95.930489 5
43.907993 -95.975792 5
43.898594 -95.99659 5
43.909893 -95.934189 5
43.885391 -95.914589 5
43.910393 -95.971092 5
43.896793 -95.966789 5
43.87849 -95.894295 5
43.864792 -95.922989 5
43.852894 -96.012589 5
43.875351 -95.92083 5
43.856293 -95.992195 5
43.87479 -96.03009 5
43.901093 -95.915291 5
43.858093 -95.893791 5
43.911892 -95.958893 5
43.846394 -95.899193 5
43.859093 -96.011589 5
43.876896 -95.902458 5
43.885593 -95.888992 5
43.87989 -95.903091 5
43.853291 -96.006592 5
43.851994 -95.889091 5
43.912693 -95.97789 5
43.854294 -96.00119 5
43.898491 -95.934494 5
43.872494 -95.894791 5
43.907593 -95.939194 5
43.875492 -96.022293 5
43.832291 -95.909988 5
43.884892 -95.974792 5
43.865391 -95.905991 5
43.883091 -96.009193 5
43.897991 -95.96109 5
43.852894 -96.018295 5
43.876091 -95.879089 5
43.898991 -95.92569 5
43.830791 -95.920792 5
43.883591 -95.926193 5
43.839291 -95.90419 5
43.859493 -96.00679 5
43.880993 -96.014488 5
43.858391 -96.015694 5
43.88739 -96.009689 5
43.89579 -95.91449 5
43.873993 -95.99649 5
43.886791 -95.899689 5
43.880894 -96.018494 5
43.904694 -95.929291 5
43.910191 -95.929794 5
43.881393 -96.026993 5
43.904591 -95.973892 5
43.889091 -95.996994 5
43.869492 -95.922791 5
43.895592 -96.017395 5
43.847591 -95.916389 5
43.860493 -95.908493 5
43.889393 -95.968994 5
43.885391 -95.932793 5
43.868393 -96.006989 5
43.836693 -95.916489 5
43.832291 -95.915993 5
43.902393 -95.965492 5
43.854492 -95.918991 5
43.830292 -95.926689 5
43.885593 -95.893791 5
43.897694 -95.91069 5
43.837891 -95.908089 5
43.866993 -95.91539 5
43.85239 -95.997292 5
43.901093 -95.974091 5
43.835091 -95.910194 5
43.903793 -95.979294 5
43.870392 -95.996994 5
43.873192 -96.015991 5
43.821293 -95.914192 5
43.896893 -95.920395 5
43.821194 -95.918892 5
43.864292 -96.005592 5
43.872494 -95.901993 5
43.820892 -95.927193 5
43.901291 -95.921692 5
43.852791 -95.989395 5
43.879593 -95.912994 5
43.887093 -95.948593 5
43.878792 -95.93309 5
43.855492 -95.900894 5
43.853092 -95.905693 5
43.87339 -96.001793 5
43.859192 -95.914093 5
43.860291 -96.002991 5
43.912693 -95.982994 5
43.888191 -96.015793 5
43.895992 -96.002792 5
43.818394 -95.908592 5
43.821392 -95.923096 5
43.841591 -95.910789 5
43.873993 -95.934296 5
43.875492 -96.026291 5
43.898792 -95.929794 5
43.836693 -95.926392 5
43.890591 -95.925591 5
43.903492 -95.992592 5
43.841991 -95.896889 5
43.852791 -95.894691 5
43.884792 -95.966293 5
43.849991 -95.913994 5
43.870392 -95.87899 5
43.887493 -95.938293 5
43.89579 -95.975693 5
43.866692 -95.989891 5
43.85799 -95.99749 5
43.856091 -95.913994 5
43.874493 -96.034195 5
43.872593 -95.988991 5
43.870159 -95.907112 5
43.893494 -95.93679 5
43.894493 -96.013695 5
