40.961929 -88.220573 8
40.963184 -88.203987 8
40.956833 -88.215309 8
40.956871 -88.238487 8
41.011124 -88.232628 8
40.968433 -88.185074 8
41.022697 -88.219955 8
40.975361 -88.190697 8
40.987072 -88.174057 8
40.975166 -88.178871 8
40.991837 -88.17717 8
40.987583 -88.195427 8
41.015137 -88.199951 8
40.974236 -88.215904 8
41.006599 -88.222412 8
40.962727 -88.141769 8
40.96014 -88.19989 8
40.979427 -88.231316 8
40.970299 -88.16227 8
40.946461 -88.172363 8
40.973442 -88.196365 8
41.013653 -88.244217 8
40.962086 -88.194588 8
40.945961 -88.214325 8
40.970024 -88.244705 8
40.973484 -88.147636 8
41.004543 -88.148712 8
40.946342 -88.143394 8
40.99931 -88.187584 8
40.970875 -88.15609 8
40.955791 -88.196999 8
41.001221 -88.144211 8
41.007587 -88.206009 8
40.988342 -88.168068 8
40.948952 -88.223976 8
41.009296 -88.183487 8
40.974758 -88.167236 8
40.968433 -88.233208 8
41.015926 -88.188156 8
41.020004 -88.202698 8
40.942139 -88.147461 8
41.001041 -88.159111 8
40.94165 -88.23494 8
40.948055 -88.191032 8
41.022305 -88.23262 8
40.991474 -88.148621 8
41.000427 -88.220421 8
40.967819 -88.216751 8
40.998299 -88.225746 8
40.98003 -88.141785 8
40.990494 -88.156685 8
40.938839 -88.223145 8
40.986767 -88.147385 8
40.946209 -88.180984 8
40.960342 -88.244354 8
40.955814 -88.190506 8
40.979939 -88.136978 8
40.961884 -88.146423 8
40.93959 -88.171021 8
40.939686 -88.192131 8
40.968636 -88.193268 8
41.00209 -88.184502 8
41.006466 -88.213257 8
40.939407 -88.177673 8
40.97559 -88.173203 8
40.978916 -88.202293 8
41.018089 -88.216873 8
41.005543 -88.178169 8
41.015202 -88.174728 8
40.990307 -88.163536 8
40.960453 -88.177078 8
40.942608 -88.142296 8
41.017117 -88.245781 8
40.955574 -88.184448 8
40.953964 -88.24202 8
40.946125 -88.236526 8
40.959091 -88.180809 8
40.97361 -88.141869 8
40.970539 -88.171516 8
40.955757 -88.143181 8
40.977249 -88.243378 8
40.997791 -88.179184 8
40.965084 -88.165962 8
41.022255 -88.225861 8
40.979538 -88.224838 8
40.974827 -88.235863 8
40.979328 -88.158417 8
40.962791 -88.231125 8
40.950291 -88.218956 8
40.969269 -88.179901 8
41.017513 -88.237617 8
41.003506 -88.230522 8
