42
105.0 150.0 0.13 4.2
4.0 0.828 285
4.5 0.825 424
5.0 0.82 596
5.5 0.817 808
6.0 0.813 1061
6.5 0.808 1360
7.0 0.807 1711
7.5 0.799 2102
8.0 0.791 2548
8.5 0.765 3021
9.0 0.703 3471
9.5 0.624 3820
10.0 0.541 4047
10.5 0.46 4146
11.0 0.392 4192
11.5 0.336 4199
12.0 0.291 4200
12.5 0.255 4200
13.0 0.225 4200
13.5 0.2 4200
14.0 0.179 4200
14.5 0.161 4200
15.0 0.145 4200
15.5 0.132 4200
16.0 0.12 4200
16.5 0.11 4200
17.0 0.101 4200
17.5 0.093 4200
18.0 0.085 4163
18.5 0.078 4081
19.0 0.07 3998
19.5 0.064 3898
20.0 0.058 3774
20.5 0.052 3613
21.0 0.046 3416
21.5 0.041 3190
22.0 0.036 2929
22.5 0.031 2657
23.0 0.027 2376
23.5 0.023 2085
24.0 0.019 1794
24.5 0.017 1570
