37
80.0 110.0 0.13 2.0
4.0 0.886 160
4.5 0.886 240
5.0 0.889 335
5.5 0.882 450
6.0 0.84 574
6.5 0.851 742
7.0 0.854 941
7.5 0.842 1162
8.0 0.812 1401
8.5 0.759 1643
9.0 0.682 1848
9.5 0.585 1965
10.0 0.484 1992
10.5 0.405 1998
11.0 0.344 2000
11.5 0.296 2000
12.0 0.258 2000
12.5 0.226 2000
13.0 0.2 2000
13.5 0.179 2000
14.0 0.16 2000
14.5 0.144 2000
15.0 0.13 2000
15.5 0.118 2000
16.0 0.108 2000
16.5 0.099 2000
17.0 0.091 2000
17.5 0.084 2000
18.0 0.077 2000
18.5 0.072 2000
19.0 0.067 2000
19.5 0.062 1994
20.0 0.055 1870
20.5 0.047 1699
21.0 0.041 1571
21.5 0.036 1457
22.0 0.033 1402
