44.58107 -96.370811 1
44.526997 -96.398125 1
44.607952 -96.343224 1
44.533298 -96.4095 1
44.548264 -96.428131 2
44.568588 -96.390778 1
44.493343 -96.333679 1
44.522476 -96.376831 1
44.475193 -96.361359 1
44.581123 -96.364792 1
44.569077 -96.386063 2
44.589134 -96.377289 1
44.484905 -96.398506 1
44.53463 -96.441902 2
44.463982 -96.437668 1
44.563328 -96.332184 1
44.535767 -96.375343 1
44.582668 -96.318802 1
44.60006 -96.341873 1
44.513748 -96.41201 1
44.545399 -96.38942 1
44.495811 -96.348915 1
44.51199 -96.34832 1
44.5858 -96.360847 1
44.57085 -96.38166 1
44.477383 -96.390884 1
44.575645 -96.388588 1
44.591671 -96.389442 1
44.507065 -96.399406 1
44.592762 -96.385284 1
44.553978 -96.331413 1
44.575882 -96.391815 1
44.603302 -96.334641 1
44.477993 -96.386299 1
44.483204 -96.337952 1
44.593639 -96.347893 1
44.465683 -96.375694 1
44.591534 -96.372932 1
44.463642 -96.447235 1
44.591587 -96.320343 1
44.536034 -96.358879 1
44.570599 -96.322762 1
44.478962 -96.375023 1
44.537846 -96.355064 1
44.463661 -96.4422 1
44.581013 -96.333244 1
44.521442 -96.416161 1
44.574478 -96.376587 1
44.554756 -96.372772 1
44.471592 -96.44738 1
44.564747 -96.374886 2
44.491821 -96.339622 1
44.522877 -96.360832 1
44.545494 -96.394112 1
44.478893 -96.433319 1
44.467453 -96.371841 1
44.564007 -96.380669 2
44.568531 -96.312561 1
44.565529 -96.307068 1
44.50782 -96.358009 1
44.603703 -96.329422 1
44.477993 -96.437508 1
44.582058 -96.352226 1
44.541458 -96.442398 2
44.528164 -96.393784 1
44.549019 -96.367653 1
44.545513 -96.35788 1
44.477051 -96.355888 1
44.475761 -96.396339 1
44.522499 -96.338036 1
44.46384 -96.41787 1
44.469223 -96.367935 1
44.537251 -96.430626 2
44.507847 -96.352921 1
44.588669 -96.356117 1
44.523407 -96.372437 1
44.466373 -96.429253 1
44.556072 -96.328629 1
44.560528 -96.324615 1
44.495884 -96.401749 1
44.537354 -96.37075 1
44.506588 -96.34034 1
44.538593 -96.406349 1
44.540184 -96.367035 1
44.577503 -96.382057 1
44.549263 -96.374115 1
44.528927 -96.360878 1
44.542519 -96.438255 2
44.533245 -96.393387 1
44.5798 -96.355934 1
44.53862 -96.400566 1
44.581238 -96.328667 1
44.550137 -96.42247 1
44.545643 -96.432014 2
44.479862 -96.429253 1
44.577915 -96.374245 1
44.587891 -96.323303 1
44.599785 -96.373749 1
44.589455 -96.366287 1
44.424892 -96.480988 3
44.431892 -96.484589 3
44.385391 -96.481293 3
44.44989 -96.488388 3
44.412792 -96.47229 3
44.425194 -96.469788 3
44.418491 -96.487991 3
44.432892 -96.47789 3
44.38829 -96.46949 3
44.446793 -96.476593 3
44.412891 -96.476692 3
44.448792 -96.494492 3
44.432793 -96.468491 3
44.395191 -96.476494 3
44.414494 -96.462891 3
44.43869 -96.494392 3
44.418293 -96.499794 3
44.407593 -96.482788 3
44.417294 -96.482193 3
44.446892 -96.481888 3
44.43309 -96.45919 3
44.439293 -96.468788 3
44.41909 -96.494888 3
44.385792 -96.488792 3
44.541992 -96.57579 4
44.548992 -96.625587 4
44.491692 -96.656693 4
44.554993 -96.588287 4
44.553993 -96.685394 4
44.48999 -96.612595 4
44.523392 -96.62249 4
44.553993 -96.692291 4
44.522392 -96.62899 4
44.515892 -96.602493 4
44.524193 -96.599892 4
44.52309 -96.676392 4
44.54549 -96.612892 4
44.547291 -96.639389 4
44.539093 -96.659889 4
44.490292 -96.582687 4
44.539494 -96.637093 4
44.525993 -96.658989 4
44.555004 -96.584435 4
44.554493 -96.599594 4
44.554993 -96.578995 4
44.518993 -96.575691 4
44.491093 -96.660088 4
44.516392 -96.597794 4
44.489693 -96.643089 4
44.554092 -96.671494 4
44.50399 -96.628288 4
44.531693 -96.578094 4
44.540092 -96.601395 4
44.534191 -96.563293 4
44.548893 -96.650291 4
44.548893 -96.644989 4
44.539494 -96.648293 4
44.554092 -96.659988 4
44.532593 -96.696892 4
44.525993 -96.655289 4
44.554092 -96.666992 4
44.524193 -96.60849 4
44.533493 -96.688889 4
44.513191 -96.64859 4
44.524193 -96.616989 4
44.525993 -96.651894 4
44.491692 -96.64859 4
44.534191 -96.566994 4
44.554092 -96.676094 4
44.488892 -96.596092 4
44.553993 -96.688789 4
44.489693 -96.639191 4
44.501492 -96.659691 4
44.554092 -96.680489 4
44.52309 -96.672592 4
44.503792 -96.64209 4
44.54829 -96.630493 4
44.534191 -96.574287 4
44.525192 -96.663689 4
44.51799 -96.578888 4
44.490292 -96.591789 4
44.54549 -96.616692 4
44.524193 -96.596092 4
44.488792 -96.616592 4
44.547394 -96.634689 4
44.525494 -96.587891 4
44.504292 -96.622688 4
44.554493 -96.595993 4
44.515892 -96.58239 4
44.539192 -96.66349 4
44.525391 -96.592094 4
44.501392 -96.655693 4
44.53429 -96.683693 4
44.513191 -96.662888 4
44.537193 -96.668694 4
44.532494 -96.700493 4
44.502991 -96.651993 4
44.490292 -96.58799 4
44.52589 -96.648392 4
44.545391 -96.605293 4
44.524193 -96.612694 4
44.50399 -96.631889 4
44.540092 -96.597488 4
44.541992 -96.57959 4
44.522991 -96.668793 4
44.535191 -96.67469 4
44.508392 -96.59269 4
44.531792 -96.622688 4
44.513191 -96.655693 4
44.54549 -96.609093 4
44.48999 -96.608292 4
44.540092 -96.59359 4
44.504292 -96.618294 4
44.491093 -96.663788 4
44.513191 -96.651993 4
44.539494 -96.65229 4
44.513191 -96.659294 4
44.540791 -96.633591 4
44.539093 -96.656387 4
44.539494 -96.64109 4
44.534191 -96.570793 4
44.534691 -96.67939 4
44.554493 -96.592392 4
44.501591 -96.663589 4
44.503792 -96.638191 4
44.502892 -96.648491 4
44.508392 -96.588791 4
44.531792 -96.618492 4
44.533493 -96.692993 4
44.020752 -96.063347 5
43.980309 -96.014687 5
44.042774 -96.057716 5
43.980782 -95.997894 5
43.983276 -96.019463 5
44.019535 -96.051888 5
44.035084 -96.060226 5
44.018391 -96.055107 5
44.047173 -96.050102 5
44.039597 -96.055489 5
44.004379 -96.057693 5
43.982971 -96.015862 5
43.983963 -96.006844 5
44.001698 -96.034431 5
44.006721 -96.048592 5
43.983467 -96.011787 5
44.040112 -96.060417 5
43.99614 -96.051109 5
44.006741 -96.037933 5
43.999775 -96.061501 5
44.010014 -96.042412 5
44.001678 -96.0485 5
44.021778 -96.045456 5
43.979794 -95.986473 5
43.980438 -95.990334 5
43.998062 -96.032433 5
44.017136 -96.059219 5
44.01194 -96.059792 5
44.048904 -96.063232 5
44.02829 -96.045509 5
43.989712 -96.016869 5
44.04826 -96.060722 5
44.005978 -96.041267 5
43.985294 -96.01474 5
44.013252 -96.056305 5
43.996727 -96.047318 5
44.014889 -96.049492 5
44.020599 -96.04863 5
44.013954 -96.052895 5
43.994465 -96.025467 5
44.012184 -96.036926 5
44.045555 -96.05954 5
44.00164 -96.055351 5
44.016068 -96.037018 5
43.996082 -96.054398 5
44.003372 -96.062569 5
44.015442 -96.04599 5
44.026749 -96.052063 5
44.042473 -96.063347 5
43.995319 -96.027901 5
44.023567 -96.059425 5
44.029907 -96.054688 5
44.049286 -96.054573 5
44.005104 -96.052895 5
44.00061 -96.039612 5
44.027603 -96.04808 5
44.034573 -96.045547 5
44.449783 -96.568329 6
44.465992 -96.572578 6
44.421253 -96.568954 6
44.438152 -96.603424 6
44.447971 -96.588448 6
44.458363 -96.541183 6
44.418293 -96.578728 6
44.43222 -96.575203 6
44.452293 -96.561264 6
44.420223 -96.57457 7
44.432693 -96.58152 6
44.458103 -96.529701 6
44.438133 -96.597862 6
44.454052 -96.554344 6
44.458111 -96.534775 6
44.449402 -96.536842 6
44.460922 -96.582558 6
44.432072 -96.559929 6
44.460922 -96.588509 6
44.449203 -96.530312 6
44.458031 -96.611641 6
44.458042 -96.616829 6
44.458054 -96.60479 6
44.458061 -96.59845 6
44.471664 -96.559731 6
44.429893 -96.594589 6
44.458672 -96.524071 6
44.429764 -96.589104 6
44.476563 -96.588264 6
44.449123 -96.579704 6
44.45396 -96.54895 6
44.435162 -96.532684 6
44.417751 -96.548882 6
44.418102 -96.560181 6
44.416443 -96.553169 7
44.449612 -96.574402 7
44.447971 -96.542068 6
44.436474 -96.538353 6
45.027802 -96.940681 7
45.025543 -96.98764 7
45.038754 -96.940994 7
45.059784 -96.86972 7
45.052917 -96.815552 7
45.081833 -96.909637 7
45.046494 -96.88546 7
45.059605 -96.930611 7
45.002792 -97.007698 7
45.044132 -96.80938 7
45.089382 -96.826538 7
45.040314 -96.960609 7
45.018223 -96.997742 7
45.015881 -96.98037 7
45.007744 -97.021698 7
45.069313 -96.849968 7
45.05368 -96.980148 7
45.074471 -96.824753 7
45.069103 -96.998573 7
45.089691 -96.967758 7
45.052715 -96.865723 7
45.046192 -96.919304 7
45.087513 -96.846268 7
45.053249 -96.850204 7
45.039391 -96.976089 7
45.032841 -96.938309 7
45.017643 -96.98777 7
45.080303 -96.980225 7
45.030712 -96.971062 7
45.056728 -96.898849 7
45.081493 -96.848648 7
45.082932 -97.030144 7
45.084332 -96.989159 7
45.075912 -96.834869 7
45.027832 -96.927422 7
45.06636 -96.829163 7
45.046303 -96.930428 7
45.058311 -96.803818 7
45.089233 -96.840195 7
45.075241 -96.96769 7
45.016933 -96.937759 7
45.011612 -97.001389 7
45.076023 -96.997704 7
45.054752 -96.82476 7
45.046951 -96.804192 7
45.032223 -96.958488 7
45.046696 -96.956169 7
45.082893 -97.018578 7
45.072773 -97.011719 7
45.066204 -96.89563 7
45.081863 -96.968658 7
45.041172 -96.928284 7
45.089291 -97.010689 7
45.039143 -96.967438 7
45.052513 -96.892143 7
45.038754 -96.951492 7
45.016613 -96.968849 7
45.046803 -96.896362 7
45.081181 -96.958115 7
45.032753 -96.916252 7
45.017872 -97.00708 7
45.05275 -96.834877 7
45.031361 -96.94912 7
45.059433 -96.887825 7
45.026154 -96.960411 7
45.070442 -96.919388 7
45.010452 -97.01088 7
45.069283 -96.888962 7
45.025723 -96.977974 7
45.083622 -96.999474 7
45.072342 -96.911232 7
45.081833 -96.898354 7
45.033382 -96.930138 7
45.089893 -96.993118 7
45.044113 -96.909615 7
45.072563 -96.988472 7
45.023331 -96.945869 7
45.045883 -96.855484 7
45.081593 -97.010674 7
45.015163 -96.960304 7
45.066906 -96.911835 7
45.022781 -96.967133 7
45.060543 -96.919609 7
45.054264 -96.971184 7
45.044071 -96.946381 7
45.088154 -97.019524 7
45.033352 -96.979439 7
44.84985 -96.868217 7
44.836807 -96.917709 7
44.866177 -96.89698 7
45.017654 -96.909866 7
44.909908 -96.815399 7
44.945679 -96.845062 7
44.988026 -96.941086 7
44.94426 -96.875008 7
44.906605 -96.955887 7
44.930588 -96.981674 7
45.009422 -96.898285 7
45.010738 -96.910545 7
44.915638 -96.961739 7
44.985668 -96.958328 7
44.988274 -96.885986 7
44.859055 -96.873169 7
44.924728 -96.978218 7
45.003513 -96.948898 7
44.972298 -96.908913 7
44.936668 -96.844048 7
45.004227 -96.907326 7
44.99556 -96.909401 7
44.914898 -96.977142 7
44.835552 -96.877892 7
44.979202 -96.876518 7
44.831211 -96.940315 7
44.979057 -96.906891 7
44.850399 -96.901459 7
44.930832 -96.957146 7
44.942944 -96.916756 7
44.89888 -96.877373 7
44.956997 -96.895889 7
44.8363 -96.973045 7
44.853405 -96.851669 7
44.909843 -96.9468 7
44.851467 -96.890884 7
44.924122 -96.844772 7
44.96983 -96.899429 7
44.931507 -96.869881 7
44.994843 -96.917076 7
44.950016 -96.899155 7
44.915108 -96.847961 7
44.938335 -96.86631 7
44.981365 -96.918617 7
44.853184 -96.840874 7
44.906509 -96.875549 7
44.911133 -96.890411 7
44.915195 -96.834038 7
44.945251 -96.887611 7
44.98484 -96.900253 7
44.965889 -96.930542 7
44.982746 -96.890144 7
44.968014 -96.879234 7
44.946133 -96.868362 7
44.894634 -96.834671 7
44.964531 -96.938721 7
44.835846 -96.957672 7
44.917145 -96.89875 7
44.920971 -96.838509 7
44.830952 -96.950409 7
44.989548 -96.932526 7
44.902607 -96.834244 7
44.857639 -96.881989 7
44.894657 -96.869179 7
44.966808 -96.956261 7
44.946217 -96.907417 7
44.92561 -96.890594 7
44.938938 -96.875877 7
44.900547 -96.867676 7
44.850361 -96.881851 7
44.927879 -96.844444 7
45.000546 -96.916367 7
44.902836 -96.884918 7
44.849796 -96.918495 7
44.985455 -96.908287 7
44.929066 -96.910744 7
45.001827 -96.876869 7
44.827442 -96.960869 7
44.857002 -96.942368 7
44.951332 -96.887039 7
44.921024 -96.930794 7
44.931423 -96.859772 7
44.972733 -96.953064 7
44.993641 -96.926758 7
44.867924 -96.877487 7
44.850433 -96.931564 7
44.938877 -96.889671 7
44.857288 -96.896812 7
44.846775 -96.548378 8
44.830959 -96.58429 8
44.839443 -96.533463 8
44.835129 -96.628731 8
44.835732 -96.639359 8
44.926018 -96.636276 8
44.901348 -96.655907 8
44.898163 -96.53463 8
44.937096 -96.688728 8
44.830368 -96.593178 8
44.908085 -96.665894 8
44.882229 -96.538437 8
44.91473 -96.696953 8
44.821064 -96.513741 8
44.949711 -96.646202 8
44.840218 -96.59436 8
44.888393 -96.55619 8
44.888443 -96.528076 8
44.900719 -96.688614 8
44.909607 -96.57119 8
44.914978 -96.656761 8
44.907963 -96.534576 8
44.907421 -96.549301 8
44.875534 -96.531609 8
44.937023 -96.684914 8
44.908134 -96.529968 8
44.866039 -96.558128 8
44.821949 -96.608154 8
44.911743 -96.641495 8
44.886433 -96.497597 8
44.864658 -96.504028 8
44.859238 -96.548187 8
44.90184 -96.684273 8
44.875832 -96.551994 8
44.916576 -96.608536 8
44.901463 -96.649727 8
44.814339 -96.543716 8
44.897953 -96.530228 8
44.923038 -96.651123 8
44.901733 -96.565849 8
44.914631 -96.691635 8
44.891705 -96.562592 8
44.875111 -96.543289 8
44.909969 -96.575325 8
44.891727 -96.569397 8
44.917446 -96.539726 8
44.902695 -96.5597 8
44.900368 -96.605202 8
44.828865 -96.597725 8
44.875702 -96.547501 8
44.846714 -96.559044 8
44.83886 -96.538765 8
44.908325 -96.580338 8
44.900246 -96.645226 8
44.900379 -96.600662 8
44.900417 -96.64109 8
44.835037 -96.65274 8
44.899357 -96.69339 8
44.859303 -96.543671 8
44.845436 -96.553154 8
44.85004 -96.574768 8
44.839031 -96.544067 8
44.823387 -96.552483 8
44.900692 -96.636345 8
44.896935 -96.543526 8
44.945976 -96.671646 8
44.899464 -96.626541 8
44.864506 -96.529572 8
44.911751 -96.645973 8
44.829346 -96.545097 8
44.886913 -96.517281 8
44.89291 -96.492416 8
44.873844 -96.538574 8
44.834995 -96.647377 8
44.886307 -96.512535 8
44.926022 -96.631508 8
44.839531 -96.599037 8
44.887581 -96.502518 8
44.886444 -96.508102 8
44.943287 -96.651405 8
44.924129 -96.70816 8
44.827148 -96.557083 8
44.830597 -96.533882 8
44.90847 -96.707245 8
44.875034 -96.527573 8
44.85001 -96.578514 8
44.898903 -96.592628 8
44.814663 -96.538879 8
44.879749 -96.563766 8
44.897217 -96.539284 8
44.91357 -96.702187 8
44.830776 -96.588593 8
44.853142 -96.502388 8
44.908207 -96.59549 8
44.83503 -96.63475 8
44.880081 -96.568428 8
44.901859 -96.674408 8
44.92783 -96.643089 8
44.89996 -96.630775 8
44.913826 -96.687202 8
44.823898 -96.518486 8
43.878792 -95.93309 5
43.890591 -95.925591 5
43.866993 -95.91539 5
43.859493 -96.00679 5
43.879593 -95.912994 5
43.876091 -95.879089 5
43.864792 -95.922989 5
43.860493 -95.908493 5
43.902393 -95.965492 5
43.885391 -95.932793 5
43.855492 -95.900894 5
43.849991 -95.896889 5
43.852791 -95.894691 5
43.836693 -95.926392 5
43.830292 -95.926689 5
43.902893 -95.934593 5
43.872494 -95.901993 5
43.904591 -95.973892 5
43.837891 -95.908089 5
43.853092 -95.905693 5
43.836693 -95.916489 5
43.886791 -95.899689 5
43.901093 -95.974091 5
43.864491 -95.995193 5
43.860291 -96.002991 5
43.884892 -95.974792 5
43.901093 -95.915291 5
43.893494 -95.93679 5
43.887493 -95.938293 5
43.894493 -96.013695 5
43.870159 -95.907112 5
43.859192 -95.914093 5
43.896793 -95.966789 5
43.832291 -95.909988 5
43.865391 -95.905991 5
43.910393 -95.971092 5
43.854492 -95.918991 5
43.907993 -95.975792 5
43.898491 -95.934494 5
43.889294 -95.972992 5
43.830791 -95.920792 5
43.868393 -96.006989 5
43.912693 -95.982994 5
43.880894 -96.018494 5
43.889393 -95.968994 5
43.873993 -95.934296 5
43.881393 -96.026993 5
43.872593 -95.988991 5
43.903793 -95.979294 5
43.87989 -95.903091 5
43.882294 -95.907593 5
43.882092 -95.930489 5
43.883591 -95.926193 5
43.836594 -95.921089 5
43.869972 -95.911026 5
43.821293 -95.914192 5
43.872494 -95.894791 5
43.89579 -95.91449 5
43.858093 -95.893791 5
43.908493 -95.96759 5
43.898792 -95.929794 5
43.885391 -95.914589 5
43.870193 -95.898392 5
43.89579 -95.975693 5
43.856293 -95.992195 5
43.88739 -96.009689 5
43.853291 -96.006592 5
43.885593 -95.893791 5
43.856091 -95.913994 5
43.910393 -95.965195 5
43.910191 -95.929794 5
43.846394 -95.899193 5
43.852791 -95.989395 5
43.895992 -96.002792 5
43.841591 -95.910789 5
43.890892 -95.931694 5
43.852894 -96.012589 5
43.851994 -95.889091 5
43.909893 -95.934189 5
43.901291 -95.921692 5
43.832291 -95.915993 5
43.875492 -96.022293 5
43.873993 -95.99649 5
43.874493 -96.034195 5
43.859093 -96.011589 5
43.847591 -95.916389 5
43.820892 -95.927193 5
43.835091 -95.910194 5
43.852894 -96.018295 5
43.87339 -96.001793 5
43.907593 -95.939194 5
43.821194 -95.918892 5
43.871792 -96.005493 5
43.884792 -95.966293 5
43.895592 -96.017395 5
43.849991 -95.913994 5
43.870392 -95.996994 5
43.883091 -96.009193 5
43.905792 -95.988693 5
43.873192 -96.015991 5
43.86869 -96.018394 5
43.912693 -95.97789 5
43.87479 -96.03009 5
43.841991 -95.896889 5
43.87849 -95.894295 5
43.875351 -95.92083 5
43.870392 -95.87899 5
43.896893 -95.920395 5
43.887093 -95.948593 5
43.861092 -95.888695 5
43.869492 -95.922791 5
43.876896 -95.902458 5
43.898594 -95.99659 5
43.821392 -95.923096 5
43.897694 -95.91069 5
43.888493 -96.006088 5
43.904694 -95.929291 5
43.885593 -95.888992 5
43.911892 -95.958893 5
43.903492 -95.992592 5
43.846893 -95.903893 5
43.866692 -95.989891 5
43.880993 -96.014488 5
43.85239 -95.997292 5
43.858391 -96.015694 5
43.854294 -96.00119 5
43.898991 -95.92569 5
43.839291 -95.90419 5
43.875492 -96.026291 5
43.864292 -96.005592 5
43.864292 -96.009392 5
43.818394 -95.908592 5
43.888191 -96.015793 5
43.889091 -95.996994 5
43.85799 -95.99749 5
43.897991 -95.96109 5
43.888992 -95.906494 5
44.345531 -96.410439 9
44.344292 -96.427094 9
44.342941 -96.416351 9
44.310936 -96.357048 9
44.321041 -96.415451 9
44.336147 -96.39473 9
44.303322 -96.331047 9
44.318493 -96.39547 9
44.344368 -96.408737 9
44.337086 -96.396606 9
44.335121 -96.419479 9
44.331993 -96.413994 9
44.336506 -96.374054 9
44.33485 -96.393211 9
44.347691 -96.413895 9
44.289059 -96.334778 9
44.346157 -96.431122 9
44.331043 -96.388336 9
44.292793 -96.334694 9
44.330093 -96.373169 9
44.305107 -96.344788 9
44.333092 -96.415894 9
44.307545 -96.338127 9
44.346611 -96.412239 9
44.354809 -96.416229 9
44.343586 -96.402924 9
44.345142 -96.42009 9
44.339172 -96.377441 9
44.345322 -96.428963 9
44.336491 -96.367393 9
44.326191 -96.370468 9
44.303215 -96.349998 9
44.333454 -96.381104 9
44.354065 -96.382149 9
44.273521 -96.307373 9
44.355671 -96.418198 9
44.353897 -96.396088 9
44.323357 -96.401695 9
44.294518 -96.340981 9
44.346268 -96.421944 9
44.331787 -96.377121 9
44.365986 -96.419708 9
44.347958 -96.435219 9
44.288631 -96.322128 9
44.337349 -96.356506 9
44.315151 -96.345238 9
44.337765 -96.439491 9
44.31778 -96.356209 9
44.278221 -96.303802 9
44.275661 -96.311897 9
44.366146 -96.417374 9
44.329735 -96.386787 9
44.365643 -96.422295 9
44.353947 -96.414391 9
44.320953 -96.39856 9
44.348949 -96.437172 9
44.304276 -96.354309 9
44.294815 -96.329918 9
44.330547 -96.409698 9
44.280838 -96.309631 9
44.307667 -96.358055 9
44.349503 -96.377991 9
44.346958 -96.433228 9
44.317719 -96.347824 9
44.285416 -96.325104 9
44.279766 -96.307846 9
44.358727 -96.399384 9
44.317192 -96.394135 9
44.357719 -96.39756 9
44.304455 -96.332832 9
44.323372 -96.418671 9
44.314148 -96.350975 9
44.310463 -96.354904 9
44.303387 -96.342308 9
44.332859 -96.433388 9
44.334137 -96.417603 9
44.360371 -96.421768 9
44.277802 -96.301544 9
44.357765 -96.418991 9
44.303745 -96.352165 9
44.359077 -96.420357 9
44.346806 -96.390533 9
44.354778 -96.397972 9
44.333576 -96.391556 9
44.352104 -96.380066 9
44.306534 -96.336342 9
44.354897 -96.422897 9
44.34877 -96.415642 9
44.337292 -96.359367 9
44.306843 -96.360428 9
44.289463 -96.327003 9
44.328468 -96.385185 9
44.359741 -96.401199 9
44.3433 -96.407013 9
44.347275 -96.374908 9
44.278637 -96.305946 9
44.307369 -96.346817 9
44.340263 -96.379051 9
44.293568 -96.328613 9
44.337242 -96.362251 9
44.300884 -96.335632 9
44.343513 -96.3853 9
44.315582 -96.35276 9
44.316528 -96.346512 9
44.365845 -96.415161 9
44.322193 -96.417091 9
44.319691 -96.397095 9
44.365368 -96.412964 9
44.338032 -96.398506 9
44.337391 -96.364494 9
44.305466 -96.334618 9
44.335304 -96.436409 9
44.344055 -96.418213 9
44.335861 -96.369598 9
44.296719 -96.333015 9
44.328724 -96.372093 9
44.348026 -96.377007 9
44.330891 -96.375191 9
44.360752 -96.403008 9
44.321693 -96.412384 9
44.36145 -96.405396 9
44.289021 -96.320251 9
44.282391 -96.320694 9
44.293568 -96.336761 9
44.332649 -96.379112 9
44.316708 -96.342171 9
44.309402 -96.349899 9
44.292439 -96.327301 9
44.30378 -96.328812 9
44.274948 -96.309753 9
44.349876 -96.417343 9
44.294342 -96.338661 9
44.350735 -96.379349 9
44.344418 -96.387222 9
44.321705 -96.410049 9
44.30838 -96.348297 9
44.334076 -96.434975 9
44.322182 -96.400116 9
44.336517 -96.43795 9
44.140392 -96.156441 7
44.149193 -96.157143 7
44.162231 -96.217331 7
44.134743 -96.142944 7
44.173512 -96.180992 7
44.116394 -96.119179 7
44.159702 -96.180061 7
44.117233 -96.110519 7
44.089912 -96.089218 7
44.137302 -96.168869 7
44.140743 -96.126762 7
44.090023 -96.081978 7
44.135612 -96.138313 7
44.176823 -96.170883 7
44.161842 -96.200058 7
44.162003 -96.207069 7
44.184071 -96.155914 7
44.144707 -96.166687 7
44.126873 -96.118042 7
44.147812 -96.161873 7
44.172073 -96.175659 7
44.179943 -96.198738 7
44.101971 -96.099915 7
44.086483 -96.095123 7
44.161953 -96.189362 7
44.149921 -96.176254 7
44.181053 -96.216438 7
44.162563 -96.151619 7
44.162144 -96.14682 7
44.180084 -96.193161 7
44.180733 -96.207001 7
44.161552 -96.160973 7
44.148849 -96.172028 7
44.149361 -96.189331 7
44.17979 -96.188438 7
44.170944 -96.19194 7
44.129101 -96.170341 7
44.166504 -96.19593 7
44.140762 -96.131355 7
44.180923 -96.211838 7
44.159103 -96.166695 7
44.161652 -96.156303 7
44.149933 -96.151993 7
44.118214 -96.114754 7
44.329891 -96.442589 5
44.294991 -96.358589 5
44.273392 -96.326294 5
44.329193 -96.464088 5
44.27079 -96.332993 5
44.288692 -96.38559 5
44.348991 -96.471291 5
44.245193 -96.34079 5
44.344292 -96.47509 5
44.324192 -96.492294 5
44.357792 -96.493591 5
44.25629 -96.33699 5
44.345493 -96.458488 5
44.341091 -96.44899 5
44.257191 -96.355591 5
44.322193 -96.483589 5
44.318192 -96.435791 5
44.35239 -96.483688 5
44.294392 -96.388191 5
44.26659 -96.329292 5
44.275192 -96.333794 5
44.293392 -96.371391 5
44.271793 -96.376793 5
44.294743 -96.440445 5
44.301392 -96.397591 5
44.308392 -96.429291 5
44.296291 -96.43589 5
44.277592 -96.344894 5
44.33839 -96.468491 5
44.288593 -96.389389 5
44.306793 -96.397293 5
44.306393 -96.455589 5
44.256592 -96.340889 5
44.311291 -96.406288 5
44.295792 -96.36779 5
44.32299 -96.449287 5
44.323692 -96.463287 5
44.357292 -96.502495 5
44.313091 -96.457092 5
44.327991 -96.459793 5
44.308193 -96.421791 5
44.315891 -96.461594 5
44.300793 -96.372787 5
44.277092 -96.339394 5
44.304394 -96.375893 5
44.335091 -96.448189 5
44.292091 -96.394691 5
44.31089 -96.435394 5
44.304993 -96.406693 5
44.292591 -96.400589 5
44.319893 -96.459892 5
44.304394 -96.36689 5
44.30619 -96.401192 5
44.311592 -96.449287 5
44.273293 -96.35759 5
44.244392 -96.348389 5
44.328293 -96.469589 5
44.278893 -96.361694 5
44.26659 -96.326195 5
44.304993 -96.441292 5
44.343693 -96.482788 5
44.346191 -96.450493 5
44.314491 -96.426788 5
44.304592 -96.460594 5
44.301693 -96.40979 5
44.266792 -96.34449 5
44.358192 -96.498192 5
44.34679 -96.503189 5
44.344692 -96.491089 5
44.303493 -96.415588 5
44.356693 -96.488792 5
44.267593 -96.350594 5
44.346992 -96.462395 5
44.244694 -96.353294 5
44.277493 -96.350288 5
44.277393 -96.354393 5
44.299992 -96.405991 5
44.328293 -96.476791 5
44.351093 -96.477989 5
44.317593 -96.473793 5
44.244392 -96.359993 5
44.271191 -96.368492 5
44.263592 -96.36969 5
44.346893 -96.499489 5
44.271591 -96.372391 5
44.331291 -96.494392 5
44.330692 -96.48909 5
44.318493 -96.442291 5
44.342491 -96.455093 5
44.326893 -96.446892 5
44.244694 -96.336388 5
44.328491 -96.483391 5
44.336193 -96.480293 5
44.27869 -96.365692 5
44.337391 -96.459991 5
44.296391 -96.396088 5
44.272491 -96.342094 5
44.337193 -96.474487 5
44.344711 -96.495766 5
44.311092 -96.417587 5
44.057491 -96.018188 5
44.11729 -96.101089 5
44.125294 -96.062492 5
44.113392 -96.08049 5
44.12899 -96.068192 5
44.074291 -96.016495 5
44.126392 -96.05249 5
44.135094 -96.111389 5
44.135094 -96.108292 5
44.12899 -96.071495 5
44.113392 -96.091293 5
44.114193 -96.074791 5
44.12899 -96.077888 5
44.074692 -96.01329 5
44.126492 -96.055893 5
44.057491 -96.01519 5
44.135094 -96.105492 5
44.135292 -96.102692 5
44.12899 -96.080994 5
44.135292 -96.094193 5
44.113392 -96.088692 5
44.115292 -96.072395 5
44.12619 -96.059395 5
44.12899 -96.074692 5
44.135292 -96.099792 5
44.113792 -96.077591 5
44.057491 -96.021194 5
44.11729 -96.097893 5
44.07394 -96.019455 5
44.135292 -96.096893 5
44.057491 -96.012192 5
44.126392 -96.048988 5
44.07349 -96.022491 5
44.064491 -96.054794 5
44.073891 -96.051292 5
44.082092 -96.049095 5
44.082092 -96.05999 5
44.073692 -96.055092 5
44.056293 -96.049294 5
44.049091 -96.069191 5
44.055191 -96.052589 5
44.079391 -96.067192 5
44.064392 -96.061089 5
44.064693 -96.045395 5
44.073994 -96.057793 5
44.082893 -96.062691 5
44.083992 -96.053192 5
44.040592 -96.069389 5
44.068691 -96.042496 5
44.057892 -96.045494 5
44.054893 -96.060791 5
44.088593 -96.062889 5
44.074291 -96.042091 5
44.064991 -96.051392 5
44.055893 -96.069595 5
44.081993 -96.056992 5
44.063892 -96.048294 5
44.082893 -96.07019 5
44.073292 -96.047493 5
44.044693 -96.069092 5
44.056091 -96.042595 5
44.058792 -96.035889 5
44.05759 -96.039894 5
44.055592 -96.056496 5
44.056293 -96.072693 5
44.083591 -96.067696 5
44.065292 -96.057594 5
43.735394 -95.847992 5
43.712692 -95.839394 5
43.64019 -95.804695 5
43.713593 -95.848694 5
43.684994 -95.787994 5
43.64019 -95.772293 5
43.728592 -95.780289 5
43.726391 -95.827492 5
43.647392 -95.788292 5
43.721893 -95.827393 5
43.714191 -95.758293 5
43.647034 -95.781921 5
43.643791 -95.801788 5
43.686394 -95.820389 5
43.713791 -95.769295 5
43.724392 -95.767494 5
43.682793 -95.830292 5
43.696892 -95.721596 5
43.651192 -95.769989 5
43.727692 -95.83699 5
43.736691 -95.841995 5
43.681393 -95.719795 5
43.667294 -95.806595 5
43.728592 -95.77449 5
43.735691 -95.867294 5
43.661892 -95.797791 5
43.684692 -95.85479 5
43.656391 -95.788391 5
43.64439 -95.740089 5
43.662693 -95.839493 5
43.705292 -95.770393 5
43.701992 -95.740593 5
43.676292 -95.762489 5
43.664192 -95.802589 5
43.653294 -95.776894 5
43.640591 -95.749092 5
43.676292 -95.757393 5
43.719193 -95.756393 5
43.735592 -95.86129 5
43.712791 -95.866493 5
43.707493 -95.737495 5
43.696793 -95.827591 5
43.657791 -95.779289 5
43.678692 -95.744392 5
43.669594 -95.734795 5
43.658894 -95.835594 5
43.667191 -95.798393 5
43.691193 -95.831192 5
43.647491 -95.775795 5
43.64019 -95.778091 5
43.69519 -95.727394 5
43.692493 -95.840889 5
43.678192 -95.827095 5
43.715294 -95.861893 5
43.709492 -95.756195 5
43.663094 -95.728394 5
43.667294 -95.728195 5
43.697792 -95.739792 5
43.647694 -95.758392 5
43.718193 -95.827393 5
43.706493 -95.749191 5
43.680191 -95.755394 5
43.684692 -95.721992 5
43.71899 -95.775993 5
43.653492 -95.83149 5
43.665691 -95.829491 5
43.647392 -95.829895 5
43.727993 -95.856995 5
43.699692 -95.729393 5
43.682892 -95.745491 5
43.68259 -95.813095 5
43.707893 -95.847389 5
43.691994 -95.824593 5
43.700394 -95.849396 5
43.728592 -95.768593 5
43.672291 -95.820389 5
43.676693 -95.788795 5
43.68729 -95.850395 5
43.664692 -95.811295 5
43.699493 -95.817795 5
43.677593 -95.768089 5
43.69009 -95.740295 5
43.679993 -95.76149 5
43.640293 -95.758293 5
43.712994 -95.828995 5
43.651493 -95.790993 5
43.685093 -95.769196 5
43.676693 -95.725494 5
43.672592 -95.808189 5
43.706593 -95.743393 5
43.676491 -95.719589 5
43.69939 -95.822792 5
43.655491 -95.771393 5
43.730694 -95.864594 5
43.69939 -95.84359 5
43.680191 -95.73819 5
43.719391 -95.76239 5
43.664692 -95.84449 5
43.67329 -95.737892 5
43.641193 -95.765892 5
43.705193 -95.75489 5
43.644093 -95.745895 5
43.684792 -95.740692 5
43.693394 -95.818588 5
43.644093 -95.770393 5
43.670391 -95.802589 5
43.667591 -95.818092 5
43.684593 -95.807991 5
43.652191 -95.784889 5
43.643993 -95.761795 5
43.66349 -95.816689 5
43.684792 -95.762489 5
43.690792 -95.725288 5
43.639992 -95.811089 5
43.710793 -95.765091 5
43.706593 -95.765388 5
43.724392 -95.776291 5
43.694092 -95.835594 5
43.66909 -95.81189 5
43.712292 -95.857796 5
43.686092 -95.826691 5
43.661091 -95.830589 5
43.669491 -95.740593 5
43.671791 -95.727989 5
43.687393 -95.717995 5
43.661694 -95.82489 5
43.678593 -95.749695 5
43.668491 -95.824394 5
43.696194 -95.85009 5
43.699291 -95.837494 5
43.668694 -95.748291 5
43.654591 -95.825592 5
43.692093 -95.719894 5
43.658894 -95.767891 5
43.808228 -95.818398 9
43.793762 -95.85006 9
43.78503 -95.930412 9
43.801464 -95.915283 9
43.768326 -95.966599 9
43.827736 -95.840942 2
43.827061 -95.760254 9
43.811989 -95.882706 9
43.827358 -95.829475 9
43.830368 -95.806702 9
43.782429 -95.861748 9
43.81216 -95.897476 9
43.791924 -95.834656 9
43.783852 -95.936096 9
43.811302 -95.838379 9
43.782925 -95.884872 9
43.78513 -95.849495 9
43.826439 -95.765587 9
43.83012 -95.801071 9
43.829903 -95.849045 2
43.782104 -95.80397 9
43.837982 -95.848404 2
43.797001 -95.80043 9
43.811737 -95.844467 9
43.827858 -95.835579 2
43.795547 -95.887726 9
43.757629 -95.875954 9
43.797035 -95.827904 9
43.784519 -95.82444 9
43.830002 -95.887108 2
43.825439 -95.790413 9
43.812653 -95.758614 9
43.795616 -95.90229 9
43.796707 -95.822319 9
43.767723 -95.961525 9
43.799942 -95.817238 9
43.773071 -95.883484 9
43.800289 -95.908974 9
43.846291 -95.866646 2
43.797619 -95.845245 9
43.757992 -95.881111 9
43.843983 -95.854599 2
43.836761 -95.854607 2
43.825764 -95.82225 9
43.78093 -95.761482 9
43.784935 -95.898315 9
43.79792 -95.758263 9
43.77948 -95.90213 9
43.828808 -95.854568 2
43.784454 -95.906952 9
43.841278 -95.876381 2
43.830181 -95.795158 9
43.782043 -95.844185 9
43.81012 -95.80024 9
43.806576 -95.767189 9
43.773399 -95.958458 9
43.769325 -95.79628 9
43.787521 -95.766335 9
43.812172 -95.764061 9
43.768806 -95.889542 9
43.774006 -95.877151 9
43.763645 -95.970879 9
43.784336 -95.855804 9
43.783775 -95.798485 9
43.765514 -95.878532 9
43.811848 -95.84977 9
43.759426 -95.895729 9
43.802883 -95.890503 9
43.799778 -95.839897 9
43.78862 -95.829086 9
43.797527 -95.881226 9
43.797691 -95.766113 9
43.797863 -95.89463 9
43.795277 -95.858566 9
44.861145 -95.581001 6
44.869385 -95.583817 6
44.864849 -95.57402 6
44.854149 -95.580078 6
44.841557 -95.553749 6
44.856907 -95.537529 6
44.844631 -95.543556 6
44.874104 -95.553055 6
44.861347 -95.5924 6
44.874653 -95.603127 7
44.849525 -95.537704 6
44.852596 -95.569275 6
44.845474 -95.569191 6
44.875256 -95.576378 6
44.856106 -95.592102 6
44.836636 -95.541702 6
44.86451 -95.605881 7
43.808792 -96.22509 10
43.803391 -96.275696 10
43.74979 -96.315491 10
43.797894 -96.281792 10
43.823391 -96.261795 10
43.821293 -96.286194 10
43.75349 -96.32769 10
43.821392 -96.298195 10
43.821392 -96.29409 10
43.81649 -96.304192 10
43.803093 -96.221695 10
43.808891 -96.25589 10
43.770893 -96.335594 10
43.815693 -96.22509 10
43.792191 -96.245193 10
43.803593 -96.29599 10
43.811394 -96.28949 10
43.786991 -96.28109 10
43.821392 -96.302094 10
43.811394 -96.298988 10
43.803593 -96.313889 10
43.792294 -96.285995 10
43.791992 -96.219795 10
43.788891 -96.261391 10
43.807892 -96.264488 10
43.82299 -96.24749 10
43.785992 -96.335289 10
43.792091 -96.240791 10
43.808792 -96.249992 10
43.764591 -96.327789 10
43.803493 -96.28289 10
43.798092 -96.294891 10
43.744392 -96.329193 10
43.828194 -96.321594 10
43.779194 -96.260391 10
43.792492 -96.298988 10
43.792294 -96.289696 10
43.75489 -96.304893 10
43.788891 -96.265091 10
43.784893 -96.219193 10
43.830692 -96.27639 10
43.791992 -96.22699 10
43.817993 -96.265694 10
43.757893 -96.302391 10
43.784893 -96.223694 10
43.811394 -96.295189 10
43.792091 -96.237091 10
43.769192 -96.36779 10
43.81649 -96.307892 10
43.803493 -96.265991 10
43.797993 -96.289391 10
43.769093 -96.361389 10
43.82299 -96.235596 10
43.760593 -96.298592 10
43.76659 -96.338089 10
43.792393 -96.294792 10
43.823692 -96.328194 10
43.821194 -96.281296 10
43.803493 -96.321091 10
43.782993 -96.241692 10
43.828491 -96.254791 10
43.742092 -96.334496 10
43.778591 -96.221695 10
43.798191 -96.299194 10
43.803093 -96.225395 10
43.821293 -96.289795 10
43.823093 -96.24379 10
43.803493 -96.287491 10
43.811394 -96.302689 10
43.763893 -96.307991 10
43.77869 -96.342789 10
43.803593 -96.31749 10
43.777592 -96.26709 10
43.791992 -96.22319 10
43.82579 -96.257095 10
43.811192 -96.309792 10
43.803692 -96.329193 10
43.77169 -96.354996 10
43.74929 -96.320694 10
43.81649 -96.300491 10
43.810593 -96.314095 10
43.792294 -96.282394 10
43.803493 -96.307289 10
43.803593 -96.325089 10
43.78709 -96.320595 10
43.811291 -96.306091 10
43.808792 -96.240891 10
43.830791 -96.280495 10
43.803692 -96.239189 10
43.774994 -96.346191 10
43.81649 -96.296692 10
43.788193 -96.328789 10
43.792294 -96.278694 10
43.803493 -96.269989 10
43.789093 -96.305595 10
43.782993 -96.237091 10
43.810593 -96.318794 10
43.803391 -96.278992 10
43.828194 -96.31739 10
43.830692 -96.288391 10
43.830692 -96.284691 10
43.816391 -96.287895 10
43.774391 -96.275696 10
43.772591 -96.279388 10
43.808792 -96.24559 10
43.797894 -96.285492 10
43.778191 -96.263794 10
43.811394 -96.286293 10
43.772392 -96.229294 10
43.739891 -96.338196 10
43.798191 -96.30349 10
43.815693 -96.229095 10
43.774391 -96.270294 10
43.803593 -96.299492 10
43.784992 -96.228088 10
43.782192 -96.339195 10
43.823692 -96.324493 10
43.803593 -96.303093 10
43.797493 -96.224289 10
44.450615 -96.227943 2
44.511677 -96.209946 11
44.519661 -96.165222 11
44.497852 -96.164154 11
44.472435 -96.131485 11
44.417053 -96.081345 2
44.487114 -96.151733 2
44.514809 -96.223961 11
44.449821 -96.205002 2
44.494049 -96.097542 11
44.523136 -96.213852 2
44.446323 -96.157074 11
44.451363 -96.163391 2
44.519688 -96.238998 2
44.499077 -96.11676 11
44.466103 -96.183777 11
44.480743 -96.177734 11
44.464436 -96.145103 2
44.520943 -96.173035 11
44.496929 -96.132713 11
44.469978 -96.235779 11
44.490471 -96.165863 11
44.436398 -96.172318 2
44.513454 -96.158638 11
44.525402 -96.126328 11
44.490707 -96.237152 11
44.469982 -96.215858 11
44.427296 -96.153709 11
44.53083 -96.186127 2
44.458492 -96.224892 11
44.529388 -96.1679 11
44.49036 -96.14502 2
44.512775 -96.137711 11
44.46764 -96.152618 2
44.507511 -96.088181 11
44.486259 -96.136765 2
44.468334 -96.136948 2
44.405914 -96.104919 2
44.52634 -96.193008 11
44.392223 -96.097397 11
44.499912 -96.142906 2
44.510143 -96.215172 2
44.435398 -96.136192 11
44.449623 -96.234329 2
44.482105 -96.11776 11
44.496571 -96.124718 2
44.391018 -96.125252 11
44.453846 -96.15593 2
44.505867 -96.202911 2
44.519901 -96.230721 11
44.520676 -96.216873 11
44.464245 -96.218681 2
44.514629 -96.12381 2
44.392857 -96.104317 2
44.442207 -96.217743 11
44.458015 -96.190422 11
44.402061 -96.095009 2
44.486443 -96.113022 2
44.479443 -96.144936 2
44.408485 -96.094193 2
44.421616 -96.110809 2
44.507221 -96.234741 11
44.506496 -96.122704 11
44.464684 -96.226967 2
44.417137 -96.093651 11
44.529613 -96.156242 11
44.394524 -96.136292 11
44.526314 -96.146317 2
44.500557 -96.194168 2
44.496929 -96.108688 2
44.462013 -96.158379 2
44.405418 -96.11396 2
44.482201 -96.183647 2
44.479668 -96.154015 2
44.530899 -96.199326 2
44.449673 -96.167099 11
44.465862 -96.177254 2
44.497623 -96.148102 11
44.506321 -96.154617 11
44.450165 -96.142784 2
44.479034 -96.122803 2
44.397221 -96.126801 2
44.513943 -96.235512 11
44.449791 -96.210014 2
44.518562 -96.149384 11
44.43351 -96.1661 11
44.424702 -96.093849 2
44.422054 -96.134956 2
44.477406 -96.158302 11
44.49176 -96.195572 2
44.508778 -96.227303 11
44.504501 -96.094429 2
44.498463 -96.158798 11
44.413784 -96.115906 11
44.471931 -96.144409 2
44.512733 -96.172684 11
44.483234 -96.129211 2
44.381508 -96.104622 2
44.5172 -96.178116 11
44.486366 -96.094086 11
44.09948 -96.147346 12
44.045277 -96.099129 12
44.057579 -96.080132 12
44.098671 -96.132256 12
44.101799 -96.121071 12
44.092419 -96.129478 12
44.033386 -96.140739 13
44.05687 -96.119888 12
43.998623 -96.139198 13
44.064919 -96.129417 12
44.027557 -96.157349 13
44.067951 -96.16069 12
44.090504 -96.148483 12
44.089062 -96.141922 12
44.056313 -96.101715 12
44.012756 -96.161942 13
44.087074 -96.120789 12
44.090366 -96.135658 12
44.104355 -96.126663 12
44.027596 -96.150894 13
44.086544 -96.126755 12
44.100155 -96.110893 12
44.067966 -96.153763 12
44.068134 -96.108879 12
44.049316 -96.152237 12
44.062733 -96.157372 12
44.664574 -96.767548 8
44.664902 -96.756935 8
44.622894 -96.773003 8
44.621216 -96.67968 8
44.619404 -96.740227 8
44.591412 -96.590919 8
44.634335 -96.692162 8
44.611752 -96.718765 8
44.611618 -96.659302 6
44.642311 -96.674934 6
44.640034 -96.752945 8
44.595543 -96.614197 8
44.628338 -96.706459 8
44.614307 -96.627731 8
44.640762 -96.761086 8
44.610779 -96.712387 8
44.620602 -96.66758 8
44.640041 -96.746544 8
44.632786 -96.734673 8
44.611248 -96.668213 8
44.618557 -96.732727 8
44.621716 -96.70047 8
44.624947 -96.760735 8
44.634392 -96.687294 8
44.606968 -96.645279 6
44.647362 -96.734406 6
44.614296 -96.694328 8
44.650112 -96.766365 8
44.638824 -96.679672 8
44.648079 -96.770416 8
44.647972 -96.778183 8
44.605118 -96.729523 8
44.611057 -96.674225 8
44.603706 -96.699715 8
44.580269 -96.588997 8
44.580284 -96.596664 8
44.635715 -96.726555 8
44.648525 -96.789276 8
44.637032 -96.665527 8
44.593586 -96.585838 8
44.621223 -96.673332 8
44.642818 -96.740662 8
44.664074 -96.761383 8
44.62059 -96.639343 8
44.619766 -96.778625 8
44.620232 -96.752831 8
44.62505 -96.767395 8
44.611446 -96.634293 6
44.589439 -96.605125 8
44.619244 -96.726555 8
44.627701 -96.717842 8
44.62542 -96.696068 8
44.636082 -96.700127 8
44.628307 -96.629349 8
44.606102 -96.686462 6
44.628342 -96.71228 8
