44.450615 -96.227943 2
44.511677 -96.209946 11
44.519661 -96.165222 11
44.497852 -96.164154 11
44.472435 -96.131485 11
44.417053 -96.081345 2
44.487114 -96.151733 2
44.514809 -96.223961 11
44.449821 -96.205002 2
44.494049 -96.097542 11
44.523136 -96.213852 2
44.446323 -96.157074 11
44.451363 -96.163391 2
44.519688 -96.238998 2
44.499077 -96.11676 11
44.466103 -96.183777 11
44.480743 -96.177734 11
44.464436 -96.145103 2
44.520943 -96.173035 11
44.496929 -96.132713 11
44.469978 -96.235779 11
44.490471 -96.165863 11
44.436398 -96.172318 2
44.513454 -96.158638 11
44.525402 -96.126328 11
44.490707 -96.237152 11
44.469982 -96.215858 11
44.427296 -96.153709 11
44.53083 -96.186127 2
44.458492 -96.224892 11
44.529388 -96.1679 11
44.49036 -96.14502 2
44.512775 -96.137711 11
44.46764 -96.152618 2
44.507511 -96.088181 11
44.486259 -96.136765 2
44.468334 -96.136948 2
44.405914 -96.104919 2
44.52634 -96.193008 11
44.392223 -96.097397 11
44.499912 -96.142906 2
44.510143 -96.215172 2
44.435398 -96.136192 11
44.449623 -96.234329 2
44.482105 -96.11776 11
44.496571 -96.124718 2
44.391018 -96.125252 11
44.453846 -96.15593 2
44.505867 -96.202911 2
44.519901 -96.230721 11
44.520676 -96.216873 11
44.464245 -96.218681 2
44.514629 -96.12381 2
44.392857 -96.104317 2
44.442207 -96.217743 11
44.458015 -96.190422 11
44.402061 -96.095009 2
44.486443 -96.113022 2
44.479443 -96.144936 2
44.408485 -96.094193 2
44.421616 -96.110809 2
44.507221 -96.234741 11
44.506496 -96.122704 11
44.464684 -96.226967 2
44.417137 -96.093651 11
44.529613 -96.156242 11
44.394524 -96.136292 11
44.526314 -96.146317 2
44.500557 -96.194168 2
44.496929 -96.108688 2
44.462013 -96.158379 2
44.405418 -96.11396 2
44.482201 -96.183647 2
44.479668 -96.154015 2
44.530899 -96.199326 2
44.449673 -96.167099 11
44.465862 -96.177254 2
44.497623 -96.148102 11
44.506321 -96.154617 11
44.450165 -96.142784 2
44.479034 -96.122803 2
44.397221 -96.126801 2
44.513943 -96.235512 11
44.449791 -96.210014 2
44.518562 -96.149384 11
44.43351 -96.1661 11
44.424702 -96.093849 2
44.422054 -96.134956 2
44.477406 -96.158302 11
44.49176 -96.195572 2
44.508778 -96.227303 11
44.504501 -96.094429 2
44.498463 -96.158798 11
44.413784 -96.115906 11
44.471931 -96.144409 2
44.512733 -96.172684 11
44.483234 -96.129211 2
44.381508 -96.104622 2
44.5172 -96.178116 11
44.486366 -96.094086 11
