43.365391 -93.087891 1
43.378693 -93.08709 1
43.363991 -93.106293 1
43.421791 -93.132195 1
43.379192 -93.120094 1
43.393192 -93.076897 1
43.392094 -93.042191 1
43.393291 -93.081696 1
43.378792 -93.06929 1
43.422894 -93.092293 1
43.393391 -93.091393 1
43.408291 -93.11879 1
43.422493 -93.114395 1
43.393391 -93.057091 1
43.379093 -93.114395 1
43.380692 -93.049896 1
43.364491 -93.111397 1
43.408192 -93.073593 1
43.42189 -93.126595 1
43.378693 -93.091896 1
43.363991 -93.06189 1
43.393291 -93.097595 1
43.407593 -93.061996 1
43.420994 -93.076492 1
43.37899 -93.078094 1
43.408291 -93.133995 1
43.379093 -93.082291 1
43.407593 -93.057091 1
43.408394 -93.099693 1
43.393494 -93.06179 1
43.422291 -93.071396 1
43.389591 -93.128395 1
43.364391 -93.06649 1
43.364391 -93.076591 1
43.393291 -93.047195 1
43.40789 -93.081192 1
43.390591 -93.135193 1
43.422493 -93.08699 1
43.407791 -93.128792 1
43.393391 -93.086594 1
43.408192 -93.139694 1
43.393391 -93.051994 1
43.393391 -93.119888 1
43.422894 -93.102295 1
43.408092 -93.068192 1
43.380592 -93.041389 1
43.364094 -93.08149 1
43.37899 -93.073692 1
43.422894 -93.108688 1
43.378593 -93.102989 1
43.364391 -93.071693 1
43.378693 -93.096596 1
43.422791 -93.12149 1
43.393291 -93.11499 1
43.378593 -93.053795 1
43.393093 -93.037796 1
43.421692 -93.139488 1
43.390293 -93.140991 1
43.393494 -93.103394 1
43.408291 -93.093391 1
43.380291 -93.045692 1
43.364391 -93.097694 1
43.393192 -93.071991 1
43.364292 -93.05159 1
43.421093 -93.081795 1
43.422394 -93.097496 1
43.407494 -93.052094 1
43.364193 -93.121994 1
43.393093 -93.067093 1
43.378693 -93.107796 1
43.364292 -93.056496 1
43.408394 -93.087395 1
43.407692 -93.041389 1
43.407494 -93.046295 1
43.365391 -93.093193 1
43.408092 -93.109795 1
43.422192 -93.066292 1
43.378792 -93.058189 1
43.393791 -93.109093 1
43.364491 -93.116791 1
43.38409 -92.500191 2
43.409393 -92.481293 2
43.396294 -92.511093 2
43.398693 -92.448692 2
43.43029 -92.513496 2
43.405392 -92.474396 2
43.391293 -92.463692 2
43.38829 -92.466492 2
43.392292 -92.513496 2
43.378094 -92.511795 2
43.39159 -92.447395 2
43.408993 -92.44899 2
43.383591 -92.433189 2
43.403793 -92.442291 2
43.441994 -92.477989 2
43.413193 -92.511192 2
43.420692 -92.445496 2
43.420593 -92.439796 2
43.420292 -92.519196 2
43.409492 -92.44429 2
43.430393 -92.518394 2
43.439392 -92.483994 2
43.420692 -92.451691 2
43.399792 -92.513695 2
43.379993 -92.459991 2
43.439693 -92.517494 2
43.416691 -92.521393 2
43.417091 -92.493393 2
43.376492 -92.457695 2
43.404991 -92.478493 2
43.388691 -92.438492 2
43.410591 -92.439796 2
43.43029 -92.523491 2
43.420692 -92.527092 2
43.419792 -92.533195 2
43.372692 -92.510391 2
43.418793 -92.476196 2
43.403492 -92.500992 2
43.373291 -92.490593 2
43.406193 -92.498489 2
43.412594 -92.408592 2
43.389591 -92.451096 2
43.43959 -92.489891 2
43.37339 -92.50209 2
43.398792 -92.453491 2
43.37339 -92.484894 2
43.376392 -92.515091 2
43.426491 -92.533394 2
43.409893 -92.517593 2
43.419594 -92.472389 2
43.410492 -92.523491 2
43.409393 -92.490295 2
43.418392 -92.48349 2
43.384392 -92.510193 2
43.40089 -92.50779 2
43.426491 -92.52729 2
43.40229 -92.504494 2
43.439491 -92.523293 2
43.409691 -92.50029 2
43.405594 -92.437492 2
43.372692 -92.468193 2
43.387493 -92.460594 2
43.379192 -92.508095 2
43.404892 -92.513092 2
43.411591 -92.412994 2
43.411892 -92.477592 2
43.911491 -93.121094 4
43.91629 -93.119095 4
43.916691 -93.150291 4
43.917492 -93.107491 4
43.924191 -93.114891 4
43.916191 -93.11319 4
43.91629 -93.123894 4
43.910591 -93.128189 4
43.912193 -93.151794 4
43.903393 -93.120392 4
43.903393 -93.116295 4
43.917492 -93.102394 4
43.91069 -93.156593 4
43.924191 -93.137291 4
43.924191 -93.119995 4
43.916691 -93.137291 4
43.924294 -93.10849 4
43.91069 -93.110794 4
43.915394 -93.130493 4
43.913094 -93.161293 4
43.908493 -93.115891 4
43.910591 -93.137589 4
43.924294 -93.098991 4
43.924191 -93.128494 4
43.449093 -92.546692 4
43.490891 -92.631096 4
43.491592 -92.537689 4
43.49559 -92.669991 4
43.493992 -92.686996 4
43.449093 -92.555794 4
43.491592 -92.551292 4
43.450291 -92.579895 4
43.485493 -92.647491 4
43.462093 -92.519493 4
43.494591 -92.701691 4
43.436493 -92.531197 4
43.473816 -92.586494 4
43.464878 -92.735237 4
43.464806 -92.715034 4
43.482693 -92.519295 4
43.449692 -92.568291 4
43.449493 -92.532394 4
43.495491 -92.661591 4
43.481083 -92.738518 4
43.472893 -92.55159 4
43.477192 -92.631592 4
43.469791 -92.619095 4
43.462791 -92.527992 4
43.44939 -92.527596 4
43.477993 -92.656891 4
43.448593 -92.522896 4
43.480591 -92.619392 4
43.491592 -92.619995 4
43.490891 -92.634689 4
43.48101 -92.729385 4
43.473991 -92.505295 4
43.452457 -92.687981 4
43.471992 -92.575294 4
43.481693 -92.511093 4
43.483093 -92.580795 4
43.490891 -92.571495 4
43.482693 -92.523293 4
43.496292 -92.579292 4
43.485394 -92.651291 4
43.477192 -92.627396 4
43.49229 -92.594994 4
43.449093 -92.551392 4
43.494492 -92.674492 4
43.49229 -92.598991 4
43.491592 -92.615395 4
43.49559 -92.665794 4
43.492092 -92.567795 4
43.481152 -92.719887 4
43.482693 -92.531395 4
43.47879 -92.607491 4
43.464733 -92.739449 4
43.44939 -92.588196 4
43.490891 -92.638695 4
43.493992 -92.697495 4
43.460293 -92.602692 4
43.480991 -92.733795 4
43.496292 -92.587395 4
43.480591 -92.61499 4
43.483593 -92.536491 4
43.464947 -92.761368 4
43.472893 -92.546494 4
43.47879 -92.603195 4
43.472794 -92.54129 4
43.473793 -92.514091 4
43.469193 -92.61499 4
43.496193 -92.583389 4
43.449493 -92.58419 4
43.469791 -92.599991 4
43.491592 -92.546791 4
43.473694 -92.522896 4
43.449093 -92.541893 4
43.473793 -92.590591 4
43.490993 -92.655495 4
43.478893 -92.667595 4
43.483093 -92.585396 4
43.469791 -92.623192 4
43.482693 -92.52739 4
43.49229 -92.603493 4
43.498692 -92.516891 4
43.472092 -92.530792 4
43.485394 -92.641792 4
43.460293 -92.598595 4
43.44989 -92.647491 4
43.494591 -92.706596 4
43.492092 -92.56369 4
43.494492 -92.723991 4
43.478092 -92.661293 4
43.469193 -92.604492 4
43.473694 -92.518494 4
43.490891 -92.626694 4
43.473892 -92.509689 4
43.492992 -92.733894 4
43.493893 -92.728195 4
43.437492 -92.543495 4
43.494591 -92.710793 4
43.449093 -92.55909 4
43.436394 -92.53849 4
43.449791 -92.56459 4
43.452385 -92.701477 4
43.436394 -92.527092 4
43.494591 -92.68309 4
43.460293 -92.594894 4
43.481693 -92.506996 4
43.462791 -92.53199 4
43.480591 -92.623993 4
43.47879 -92.598991 4
43.491592 -92.542191 4
43.467892 -92.643295 4
43.462093 -92.523895 4
43.49229 -92.611496 4
43.449993 -92.655495 4
43.492092 -92.554893 4
43.435791 -92.534492 4
43.469791 -92.608894 4
43.471992 -92.579094 4
43.49229 -92.60759 4
43.452312 -92.683914 4
43.483391 -92.515289 4
43.492092 -92.558891 4
43.498692 -92.521294 4
43.472794 -92.536095 4
43.449093 -92.537193 4
43.462791 -92.537193 4
43.481293 -92.695396 4
43.481194 -92.699989 4
43.437393 -92.650894 4
43.452293 -92.697189 4
43.481194 -92.686592 4
43.494324 -92.718147 4
43.481091 -92.724594 4
43.463837 -92.685722 4
43.444725 -92.515114 4
43.46479 -92.706993 4
43.474148 -92.501045 4
43.468018 -92.647507 4
43.437393 -92.646294 4
43.450741 -92.639442 4
43.452957 -92.679771 4
43.481091 -92.715294 4
43.450886 -92.62738 4
43.463764 -92.681435 4
43.481293 -92.690796 4
43.493946 -92.713959 4
43.450741 -92.623383 4
43.450672 -92.651505 4
43.4501 -92.63166 4
43.494419 -92.678749 4
43.452957 -92.675133 4
43.464691 -92.719093 4
43.449886 -92.635803 4
43.464291 -92.702995 4
43.452293 -92.727295 4
43.452957 -92.670853 4
43.481091 -92.70929 4
43.46479 -92.727196 4
43.448071 -92.519135 4
43.464092 -92.698891 4
43.46479 -92.72319 4
43.467304 -92.656357 4
43.43729 -92.641693 4
43.453098 -92.660995 4
43.46479 -92.71109 4
43.481194 -92.704697 4
43.450672 -92.643654 4
43.481953 -92.503143 4
43.832123 -92.81218 4
43.747852 -92.81208 4
43.881264 -92.805939 4
43.708931 -92.743645 4
43.710934 -92.775513 4
43.768063 -92.796623 4
43.696972 -92.741539 4
43.812771 -92.764503 4
43.696983 -92.761131 4
43.710472 -92.74012 4
43.751152 -92.773712 4
43.816181 -92.852371 4
43.813763 -92.786911 4
43.874722 -92.770569 4
43.756172 -92.756264 4
43.712612 -92.724831 4
43.712334 -92.754402 4
43.853733 -92.885345 4
43.693581 -92.780975 4
43.746082 -92.785431 4
43.882214 -92.795929 4
43.807404 -92.818291 4
43.824631 -92.803764 4
43.856403 -92.791969 4
43.8423 -92.818466 4
43.767914 -92.819672 4
43.812794 -92.738464 4
43.722321 -92.794029 4
43.756844 -92.813629 4
43.809822 -92.745491 4
43.834831 -92.832321 4
43.767471 -92.784729 4
43.832321 -92.8349 4
43.734081 -92.757996 4
43.777981 -92.752495 4
43.855282 -92.88195 4
43.694923 -92.773056 4
43.694172 -92.776962 4
43.715191 -92.713493 4
43.872143 -92.77417 4
43.825363 -92.798965 4
43.712921 -92.772606 4
43.837151 -92.857201 4
43.799473 -92.795959 4
43.814781 -92.783119 4
43.814312 -92.855576 4
43.840443 -92.822266 4
43.697674 -92.757141 4
43.711521 -92.763069 4
43.827473 -92.794975 4
43.807323 -92.823143 4
43.854023 -92.794945 4
43.829834 -92.837715 4
43.831944 -92.817123 4
43.781631 -92.743523 4
43.7882 -92.733925 4
43.713463 -92.721146 4
43.830803 -92.792984 4
43.748821 -92.777016 4
43.825893 -92.854355 4
43.826023 -92.84449 4
43.854282 -92.875969 4
43.745232 -92.764465 4
43.796833 -92.780525 4
43.827663 -92.841026 4
43.75452 -92.759674 4
43.823902 -92.857399 4
43.798481 -92.777115 4
43.82188 -92.860474 4
43.711361 -92.736221 4
43.856422 -92.872681 4
43.810963 -92.741699 4
43.843323 -92.814552 4
43.711964 -92.758675 4
43.700142 -92.73204 4
43.747543 -92.781532 4
43.814762 -92.778893 4
43.709251 -92.797585 4
43.795303 -92.784035 4
43.842873 -92.79567 4
43.834862 -92.860176 4
43.838852 -92.826309 4
43.807442 -92.813416 4
43.753113 -92.763283 4
43.720402 -92.798706 4
43.811222 -92.792999 4
43.881252 -92.80159 4
43.786034 -92.737091 4
43.832741 -92.863335 4
43.881702 -92.791512 4
43.809643 -92.796486 4
43.711231 -92.793991 4
43.801682 -92.793121 4
43.694321 -92.744041 4
43.77037 -92.814026 4
43.714352 -92.717323 4
43.784451 -92.740921 4
43.734444 -92.753136 4
43.76638 -92.800552 4
43.77935 -92.746559 4
43.75629 -92.684494 2
43.779091 -92.64389 2
43.784893 -92.666389 2
43.743092 -92.675591 2
43.783993 -92.675995 2
43.757092 -92.699791 2
43.735893 -92.702393 2
43.771591 -92.662689 2
43.781792 -92.66819 2
43.758892 -92.683495 2
43.75539 -92.687492 2
43.769894 -92.676994 2
43.751991 -92.697792 2
43.784554 -92.67202 2
43.755192 -92.674995 2
43.793991 -92.671394 2
43.75209 -92.704491 2
43.763893 -92.65509 2
43.781593 -92.662292 2
43.788292 -92.675293 2
43.743191 -92.681793 2
43.766991 -92.684792 2
43.729092 -92.71479 2
43.739391 -92.691696 2
43.79129 -92.659592 2
43.739391 -92.701591 2
43.739391 -92.696594 2
43.767094 -92.691589 2
43.787292 -92.684196 2
43.773891 -92.684494 2
43.789093 -92.664597 2
43.758591 -92.675194 2
43.753193 -92.681595 2
43.765591 -92.694794 2
43.736191 -92.687294 2
43.757191 -92.696396 2
43.766491 -92.677094 2
43.786591 -92.649292 2
43.757191 -92.65609 2
43.786591 -92.65889 2
43.763893 -92.681396 2
43.762291 -92.691391 2
43.779392 -92.675896 2
43.776993 -92.68409 2
43.73579 -92.692894 2
43.741592 -92.684395 2
43.770493 -92.684692 2
43.753292 -92.676895 2
43.766792 -92.654892 2
43.777893 -92.655396 2
43.794029 -92.674797 2
43.781891 -92.651894 2
43.762894 -92.685196 2
43.783894 -92.683891 2
43.800293 -92.636093 2
43.77219 -92.65419 2
43.775093 -92.676292 2
43.759792 -92.65609 2
43.753693 -92.691193 2
43.739594 -92.68689 2
43.737591 -92.714294 2
43.73579 -92.697395 2
43.793892 -92.681892 2
43.780491 -92.684196 2
43.792492 -92.651291 2
43.793991 -92.685989 2
43.800591 -92.645493 2
