43.757092 -92.699791 2
43.753193 -92.681595 2
43.763893 -92.681396 2
43.766991 -92.684792 2
43.757191 -92.696396 2
43.769894 -92.676994 2
43.736191 -92.687294 2
43.776993 -92.68409 2
43.786591 -92.649292 2
43.75539 -92.687492 2
43.793991 -92.685989 2
43.781891 -92.651894 2
43.79129 -92.659592 2
43.735893 -92.702393 2
43.75629 -92.684494 2
43.793991 -92.671394 2
43.743191 -92.681793 2
43.77219 -92.65419 2
43.787292 -92.684196 2
43.770493 -92.684692 2
43.765591 -92.694794 2
43.75209 -92.704491 2
43.762291 -92.691391 2
43.741592 -92.684395 2
43.783993 -92.675995 2
43.781593 -92.662292 2
43.757191 -92.65609 2
43.789093 -92.664597 2
43.739594 -92.68689 2
43.762894 -92.685196 2
43.729092 -92.71479 2
43.758591 -92.675194 2
43.758892 -92.683495 2
43.771591 -92.662689 2
43.794029 -92.674797 2
43.786591 -92.65889 2
43.779392 -92.675896 2
43.777893 -92.655396 2
43.755192 -92.674995 2
43.783894 -92.683891 2
43.800591 -92.645493 2
43.739391 -92.701591 2
43.739391 -92.691696 2
43.780491 -92.684196 2
43.73579 -92.692894 2
43.792492 -92.651291 2
43.751991 -92.697792 2
43.775093 -92.676292 2
43.743092 -92.675591 2
43.766491 -92.677094 2
43.788292 -92.675293 2
43.759792 -92.65609 2
43.784554 -92.67202 2
43.753292 -92.676895 2
43.781792 -92.66819 2
43.779091 -92.64389 2
43.763893 -92.65509 2
43.753693 -92.691193 2
43.800293 -92.636093 2
43.739391 -92.696594 2
43.773891 -92.684494 2
43.784893 -92.666389 2
43.737591 -92.714294 2
43.767094 -92.691589 2
43.793892 -92.681892 2
43.73579 -92.697395 2
43.766792 -92.654892 2
43.680191 -92.69519 2
43.687893 -92.657394 2
43.684292 -92.696991 2
43.693993 -92.672295 2
43.702091 -92.686295 2
43.741993 -92.634491 2
43.718193 -92.684692 2
43.673191 -92.666496 2
43.706593 -92.683296 2
43.687893 -92.676491 2
43.683193 -92.666794 2
43.70129 -92.661797 2
43.665592 -92.662895 2
43.693291 -92.648491 2
43.681492 -92.70079 2
43.672192 -92.672096 2
43.684193 -92.691994 2
43.735092 -92.65329 2
43.706593 -92.695396 2
43.676193 -92.692192 2
43.738693 -92.665596 2
43.688892 -92.687996 2
43.68309 -92.655792 2
43.685593 -92.644592 2
43.703693 -92.657394 2
43.662991 -92.666389 2
43.724991 -92.658997 2
43.69799 -92.674896 2
43.68309 -92.660393 2
43.685291 -92.636192 2
43.681492 -92.705589 2
43.69149 -92.667892 2
43.722591 -92.667091 2
43.735691 -92.640396 2
43.717693 -92.677994 2
43.687893 -92.663391 2
43.681393 -92.671394 2
43.69379 -92.643196 2
43.706692 -92.647995 2
43.738792 -92.659294 2
43.735691 -92.634689 2
43.672092 -92.676697 2
43.708794 -92.672592 2
43.681492 -92.67659 2
43.691792 -92.655792 2
43.662891 -92.65699 2
43.734493 -92.664597 2
43.69569 -92.694389 2
43.672894 -92.655396 2
43.708992 -92.667694 2
43.672192 -92.659691 2
43.681492 -92.686996 2
43.678593 -92.65799 2
43.677391 -92.700394 2
43.728493 -92.664291 2
43.725292 -92.674789 2
43.696991 -92.66169 2
43.691792 -92.660789 2
43.718094 -92.666893 2
43.687893 -92.671394 2
43.707493 -92.655693 2
43.702591 -92.673996 2
43.69379 -92.634895 2
43.677391 -92.705391 2
43.690693 -92.694992 2
43.667492 -92.65699 2
43.685192 -92.648689 2
