43.757092 -92.699791 2
43.753193 -92.681595 2
43.763893 -92.681396 2
43.766991 -92.684792 2
43.757191 -92.696396 2
43.769894 -92.676994 2
43.736191 -92.687294 2
43.776993 -92.68409 2
43.786591 -92.649292 2
43.75539 -92.687492 2
43.793991 -92.685989 2
43.781891 -92.651894 2
43.79129 -92.659592 2
43.735893 -92.702393 2
43.75629 -92.684494 2
43.793991 -92.671394 2
43.743191 -92.681793 2
43.77219 -92.65419 2
43.787292 -92.684196 2
43.770493 -92.684692 2
43.765591 -92.694794 2
43.75209 -92.704491 2
43.762291 -92.691391 2
43.741592 -92.684395 2
43.783993 -92.675995 2
43.781593 -92.662292 2
43.757191 -92.65609 2
43.789093 -92.664597 2
43.739594 -92.68689 2
43.762894 -92.685196 2
43.729092 -92.71479 2
43.758591 -92.675194 2
43.758892 -92.683495 2
43.771591 -92.662689 2
43.794029 -92.674797 2
43.786591 -92.65889 2
43.779392 -92.675896 2
43.777893 -92.655396 2
43.755192 -92.674995 2
43.783894 -92.683891 2
43.800591 -92.645493 2
43.739391 -92.701591 2
43.739391 -92.691696 2
43.780491 -92.684196 2
43.73579 -92.692894 2
43.792492 -92.651291 2
43.751991 -92.697792 2
43.775093 -92.676292 2
43.743092 -92.675591 2
43.766491 -92.677094 2
43.788292 -92.675293 2
43.759792 -92.65609 2
43.784554 -92.67202 2
43.753292 -92.676895 2
43.781792 -92.66819 2
43.779091 -92.64389 2
43.763893 -92.65509 2
43.753693 -92.691193 2
43.800293 -92.636093 2
43.739391 -92.696594 2
43.773891 -92.684494 2
43.784893 -92.666389 2
43.737591 -92.714294 2
43.767094 -92.691589 2
43.793892 -92.681892 2
43.73579 -92.697395 2
43.766792 -92.654892 2
