43.393291 -93.11499 1
43.422894 -93.092293 1
43.422291 -93.071396 1
43.393192 -93.071991 1
43.420994 -93.076492 1
43.364391 -93.076591 1
43.422493 -93.114395 1
43.421093 -93.081795 1
43.408092 -93.109795 1
43.40789 -93.081192 1
43.365391 -93.093193 1
43.407494 -93.052094 1
43.393494 -93.103394 1
43.393291 -93.097595 1
43.393391 -93.091393 1
43.422894 -93.108688 1
43.378693 -93.091896 1
43.364491 -93.111397 1
43.380291 -93.045692 1
43.378693 -93.096596 1
43.363991 -93.106293 1
43.407593 -93.057091 1
43.393291 -93.081696 1
43.389591 -93.128395 1
43.393093 -93.037796 1
43.408291 -93.093391 1
43.380692 -93.049896 1
43.392094 -93.042191 1
43.378693 -93.08709 1
43.422791 -93.12149 1
43.407692 -93.041389 1
43.37899 -93.078094 1
43.407593 -93.061996 1
43.378693 -93.107796 1
43.390591 -93.135193 1
43.378792 -93.058189 1
43.408192 -93.073593 1
43.365391 -93.087891 1
43.422394 -93.097496 1
43.364391 -93.06649 1
43.422894 -93.102295 1
43.364292 -93.05159 1
43.393791 -93.109093 1
43.393391 -93.119888 1
43.380592 -93.041389 1
43.408394 -93.099693 1
43.37899 -93.073692 1
43.407494 -93.046295 1
43.42189 -93.126595 1
43.378593 -93.053795 1
43.393391 -93.086594 1
43.364391 -93.097694 1
43.379093 -93.082291 1
43.393391 -93.051994 1
43.393494 -93.06179 1
43.407791 -93.128792 1
43.379192 -93.120094 1
43.393093 -93.067093 1
43.421692 -93.139488 1
43.422493 -93.08699 1
43.393192 -93.076897 1
43.364491 -93.116791 1
43.378593 -93.102989 1
43.364391 -93.071693 1
43.421791 -93.132195 1
43.408192 -93.139694 1
43.422192 -93.066292 1
43.393391 -93.057091 1
43.364292 -93.056496 1
43.363991 -93.06189 1
43.408092 -93.068192 1
43.408291 -93.11879 1
43.390293 -93.140991 1
43.408394 -93.087395 1
43.379093 -93.114395 1
43.408291 -93.133995 1
43.393291 -93.047195 1
43.364094 -93.08149 1
43.364193 -93.121994 1
43.378792 -93.06929 1
43.37339 -92.50209 2
43.392292 -92.513496 2
43.412594 -92.408592 2
43.38829 -92.466492 2
43.409691 -92.50029 2
43.383591 -92.433189 2
43.408993 -92.44899 2
43.398792 -92.453491 2
43.409393 -92.490295 2
43.441994 -92.477989 2
43.413193 -92.511192 2
43.416691 -92.521393 2
43.420692 -92.451691 2
43.384392 -92.510193 2
43.404892 -92.513092 2
43.426491 -92.52729 2
43.399792 -92.513695 2
43.403793 -92.442291 2
43.40089 -92.50779 2
43.420692 -92.527092 2
43.411892 -92.477592 2
43.405392 -92.474396 2
43.40229 -92.504494 2
43.418392 -92.48349 2
43.372692 -92.468193 2
43.376492 -92.457695 2
43.396294 -92.511093 2
43.376392 -92.515091 2
43.430393 -92.518394 2
43.410492 -92.523491 2
43.398693 -92.448692 2
43.372692 -92.510391 2
43.39159 -92.447395 2
43.43029 -92.523491 2
43.439392 -92.483994 2
43.417091 -92.493393 2
43.38409 -92.500191 2
43.405594 -92.437492 2
43.409492 -92.44429 2
43.43959 -92.489891 2
43.388691 -92.438492 2
43.426491 -92.533394 2
43.419594 -92.472389 2
43.409393 -92.481293 2
43.389591 -92.451096 2
43.439693 -92.517494 2
43.387493 -92.460594 2
43.43029 -92.513496 2
43.420292 -92.519196 2
43.403492 -92.500992 2
43.439491 -92.523293 2
43.418793 -92.476196 2
43.373291 -92.490593 2
43.410591 -92.439796 2
43.409893 -92.517593 2
43.391293 -92.463692 2
43.37339 -92.484894 2
43.406193 -92.498489 2
43.379192 -92.508095 2
43.419792 -92.533195 2
43.411591 -92.412994 2
43.404991 -92.478493 2
43.378094 -92.511795 2
43.420593 -92.439796 2
43.420692 -92.445496 2
43.379993 -92.459991 2
43.633091 -92.590996 3
43.610592 -92.615791 3
43.64003 -92.555847 3
43.594994 -92.598793 3
43.639843 -92.577148 3
43.637009 -92.586021 3
43.594978 -92.604828 3
43.563393 -92.656593 3
43.62429 -92.541893 3
43.638905 -92.581413 3
43.624054 -92.55957 3
43.640282 -92.573059 3
43.610394 -92.620491 3
43.594891 -92.636597 3
43.619892 -92.586189 3
43.590691 -92.644493 3
43.597965 -92.584206 3
43.619991 -92.575096 3
43.595329 -92.591843 3
43.639969 -92.565788 3
43.562691 -92.662895 3
43.613991 -92.593094 3
43.572193 -92.653893 3
43.611092 -92.610794 3
43.623993 -92.545891 3
43.621277 -92.564949 3
43.610291 -92.625595 3
43.575394 -92.651489 3
43.619591 -92.579491 3
43.598694 -92.580093 3
43.629345 -92.599861 3
43.566093 -92.654289 3
43.596394 -92.632996 3
43.640026 -92.561501 3
43.627319 -92.534561 3
43.592693 -92.641296 3
43.599945 -92.576569 3
43.628162 -92.605194 3
43.624077 -92.554131 3
43.614094 -92.598892 3
43.630516 -92.59491 3
43.60849 -92.605995 3
43.59679 -92.588097 3
43.908493 -93.115891 4
43.910591 -93.128189 4
43.917492 -93.102394 4
43.924191 -93.119995 4
43.903393 -93.120392 4
43.91069 -93.156593 4
43.924294 -93.10849 4
43.915394 -93.130493 4
43.924191 -93.128494 4
43.91069 -93.110794 4
43.912193 -93.151794 4
43.917492 -93.107491 4
43.924191 -93.114891 4
43.91629 -93.123894 4
43.924294 -93.098991 4
43.91629 -93.119095 4
43.911491 -93.121094 4
43.916691 -93.150291 4
43.924191 -93.137291 4
43.910591 -93.137589 4
43.916191 -93.11319 4
43.903393 -93.116295 4
43.913094 -93.161293 4
43.916691 -93.137291 4
43.477993 -92.656891 4
43.462791 -92.537193 4
43.478092 -92.661293 4
43.473694 -92.518494 4
43.482693 -92.52739 4
43.480591 -92.61499 4
43.483593 -92.536491 4
43.471992 -92.579094 4
43.436394 -92.527092 4
43.491592 -92.546791 4
43.49229 -92.594994 4
43.437492 -92.543495 4
43.49559 -92.665794 4
43.481693 -92.506996 4
43.49229 -92.603493 4
43.494591 -92.701691 4
43.491592 -92.542191 4
43.480591 -92.623993 4
43.462791 -92.53199 4
43.490891 -92.571495 4
43.472893 -92.55159 4
43.464947 -92.761368 4
43.473991 -92.505295 4
43.47879 -92.603195 4
43.460293 -92.598595 4
43.471992 -92.575294 4
43.498692 -92.521294 4
43.469791 -92.619095 4
43.494591 -92.706596 4
43.462093 -92.523895 4
43.449493 -92.532394 4
43.491592 -92.615395 4
43.462093 -92.519493 4
43.472794 -92.536095 4
43.481152 -92.719887 4
43.498692 -92.516891 4
43.449093 -92.55909 4
43.469193 -92.61499 4
43.483093 -92.585396 4
43.449093 -92.555794 4
43.49229 -92.60759 4
43.483391 -92.515289 4
43.460293 -92.594894 4
43.491592 -92.619995 4
43.49229 -92.611496 4
43.449093 -92.546692 4
43.480991 -92.733795 4
43.482693 -92.531395 4
43.485394 -92.641792 4
43.496193 -92.583389 4
43.48101 -92.729385 4
43.496292 -92.579292 4
43.449993 -92.655495 4
43.436394 -92.53849 4
43.495491 -92.661591 4
43.469791 -92.623192 4
43.449093 -92.541893 4
43.485394 -92.651291 4
43.493992 -92.697495 4
43.493992 -92.686996 4
43.462791 -92.527992 4
43.490891 -92.631096 4
43.493893 -92.728195 4
43.449493 -92.58419 4
43.490891 -92.634689 4
43.490891 -92.626694 4
43.490993 -92.655495 4
43.480591 -92.619392 4
43.449692 -92.568291 4
43.482693 -92.519295 4
43.491592 -92.537689 4
43.496292 -92.587395 4
43.492092 -92.558891 4
43.469791 -92.599991 4
43.47879 -92.598991 4
43.464733 -92.739449 4
43.469193 -92.604492 4
43.483093 -92.580795 4
43.494492 -92.674492 4
43.49229 -92.598991 4
43.44939 -92.588196 4
43.449791 -92.56459 4
43.472794 -92.54129 4
43.482693 -92.523293 4
43.492092 -92.56369 4
43.473816 -92.586494 4
43.467892 -92.643295 4
43.452385 -92.701477 4
43.485493 -92.647491 4
43.449093 -92.551392 4
43.477192 -92.627396 4
43.452312 -92.683914 4
43.464878 -92.735237 4
43.473793 -92.590591 4
43.469791 -92.608894 4
43.448593 -92.522896 4
43.435791 -92.534492 4
43.492092 -92.554893 4
43.449093 -92.537193 4
43.473793 -92.514091 4
43.477192 -92.631592 4
43.460293 -92.602692 4
43.492092 -92.567795 4
43.494591 -92.68309 4
43.478893 -92.667595 4
43.44989 -92.647491 4
43.464806 -92.715034 4
43.473892 -92.509689 4
43.492992 -92.733894 4
43.49559 -92.669991 4
43.44939 -92.527596 4
43.450291 -92.579895 4
43.472092 -92.530792 4
43.490891 -92.638695 4
43.491592 -92.551292 4
43.472893 -92.546494 4
43.436493 -92.531197 4
43.473694 -92.522896 4
43.481083 -92.738518 4
43.494591 -92.710793 4
43.494492 -92.723991 4
43.452457 -92.687981 4
43.481693 -92.511093 4
43.47879 -92.607491 4
43.464691 -92.719093 4
43.464291 -92.702995 4
43.46479 -92.727196 4
43.444725 -92.515114 4
43.452293 -92.727295 4
43.481194 -92.686592 4
43.481091 -92.70929 4
43.450741 -92.623383 4
43.467304 -92.656357 4
43.437393 -92.646294 4
43.481091 -92.724594 4
43.448071 -92.519135 4
43.43729 -92.641693 4
43.481293 -92.695396 4
43.463764 -92.681435 4
43.450672 -92.651505 4
43.463837 -92.685722 4
43.464092 -92.698891 4
43.481194 -92.699989 4
43.450672 -92.643654 4
43.46479 -92.72319 4
43.468018 -92.647507 4
43.450741 -92.639442 4
43.4501 -92.63166 4
43.449886 -92.635803 4
43.437393 -92.650894 4
43.493946 -92.713959 4
43.46479 -92.71109 4
43.481953 -92.503143 4
43.474148 -92.501045 4
43.452957 -92.670853 4
43.46479 -92.706993 4
43.494324 -92.718147 4
43.452957 -92.679771 4
43.481194 -92.704697 4
43.452293 -92.697189 4
43.481091 -92.715294 4
43.450886 -92.62738 4
43.494419 -92.678749 4
43.453098 -92.660995 4
43.452957 -92.675133 4
43.481293 -92.690796 4
43.855282 -92.88195 4
43.831944 -92.817123 4
43.810963 -92.741699 4
43.834831 -92.832321 4
43.784451 -92.740921 4
43.816181 -92.852371 4
43.710934 -92.775513 4
43.882214 -92.795929 4
43.82188 -92.860474 4
43.709251 -92.797585 4
43.768063 -92.796623 4
43.832741 -92.863335 4
43.734081 -92.757996 4
43.856403 -92.791969 4
43.76638 -92.800552 4
43.781631 -92.743523 4
43.881702 -92.791512 4
43.753113 -92.763283 4
43.722321 -92.794029 4
43.809643 -92.796486 4
43.814762 -92.778893 4
43.693581 -92.780975 4
43.795303 -92.784035 4
43.827663 -92.841026 4
43.809822 -92.745491 4
43.812771 -92.764503 4
43.830803 -92.792984 4
43.837151 -92.857201 4
43.8423 -92.818466 4
43.720402 -92.798706 4
43.712612 -92.724831 4
43.838852 -92.826309 4
43.872143 -92.77417 4
43.812794 -92.738464 4
43.799473 -92.795959 4
43.854023 -92.794945 4
43.700142 -92.73204 4
43.711231 -92.793991 4
43.75452 -92.759674 4
43.786034 -92.737091 4
43.843323 -92.814552 4
43.711964 -92.758675 4
43.751152 -92.773712 4
43.826023 -92.84449 4
43.813763 -92.786911 4
43.874722 -92.770569 4
43.807404 -92.818291 4
43.734444 -92.753136 4
43.746082 -92.785431 4
43.842873 -92.79567 4
43.697674 -92.757141 4
43.832123 -92.81218 4
43.829834 -92.837715 4
43.77037 -92.814026 4
43.694321 -92.744041 4
43.7882 -92.733925 4
43.825363 -92.798965 4
43.777981 -92.752495 4
43.832321 -92.8349 4
43.694923 -92.773056 4
43.798481 -92.777115 4
43.694172 -92.776962 4
43.767914 -92.819672 4
43.796833 -92.780525 4
43.854282 -92.875969 4
43.814312 -92.855576 4
43.807442 -92.813416 4
43.711521 -92.763069 4
43.801682 -92.793121 4
43.853733 -92.885345 4
43.711361 -92.736221 4
43.696983 -92.761131 4
43.748821 -92.777016 4
43.714352 -92.717323 4
43.747543 -92.781532 4
43.745232 -92.764465 4
43.825893 -92.854355 4
43.710472 -92.74012 4
43.856422 -92.872681 4
43.756844 -92.813629 4
43.823902 -92.857399 4
43.756172 -92.756264 4
43.747852 -92.81208 4
43.840443 -92.822266 4
43.881264 -92.805939 4
43.827473 -92.794975 4
43.712921 -92.772606 4
43.881252 -92.80159 4
43.767471 -92.784729 4
43.811222 -92.792999 4
43.715191 -92.713493 4
43.814781 -92.783119 4
43.713463 -92.721146 4
43.834862 -92.860176 4
43.708931 -92.743645 4
43.77935 -92.746559 4
43.807323 -92.823143 4
43.696972 -92.741539 4
43.712334 -92.754402 4
43.824631 -92.803764 4
43.666191 -92.63459 4
43.679893 -92.632294 4
43.66629 -92.524391 4
43.614491 -92.674194 4
43.665791 -92.504692 4
43.665791 -92.495995 4
43.665791 -92.593796 4
43.662891 -92.48349 4
43.637093 -92.665695 4
43.637291 -92.646492 4
43.666992 -92.605293 4
43.637192 -92.657593 4
43.651493 -92.611092 4
43.685493 -92.606293 4
43.623493 -92.660995 4
43.62009 -92.690994 4
43.62009 -92.699196 4
43.614491 -92.68409 4
43.663891 -92.575294 4
43.666393 -92.601295 4
43.663292 -92.579491 4
43.666691 -92.515991 4
43.685493 -92.619492 4
43.664093 -92.551292 4
43.664093 -92.555992 4
43.614292 -92.677895 4
43.686092 -92.623596 4
43.665291 -92.627594 4
43.665894 -92.491791 4
43.663193 -92.583694 4
43.685493 -92.602196 4
43.666092 -92.638596 4
43.663994 -92.565796 4
43.637192 -92.630997 4
43.637192 -92.653496 4
43.65089 -92.623596 4
43.65089 -92.619194 4
43.685493 -92.615494 4
43.666592 -92.520195 4
43.685493 -92.611397 4
43.637291 -92.642395 4
43.622791 -92.665489 4
43.65089 -92.615089 4
43.62009 -92.695396 4
43.663692 -92.546196 4
43.679893 -92.637596 4
43.660591 -92.647491 4
43.667191 -92.597389 4
43.665894 -92.500595 4
43.663891 -92.57119 4
43.62009 -92.703194 4
43.660591 -92.643295 4
43.663994 -92.56089 4
43.663692 -92.536392 4
43.663692 -92.54129 4
43.662891 -92.487694 4
43.626251 -92.65136 4
43.686092 -92.627495 4
43.662891 -92.532394 4
43.626293 -92.655396 4
43.352272 -92.33918 5
43.359505 -92.349068 5
43.359516 -92.344925 5
43.355896 -92.331436 5
43.413094 -92.32959 5
43.386078 -92.318924 5
43.400097 -92.328712 5
43.378345 -92.347382 5
43.374058 -92.328804 5
43.365368 -92.371368 5
43.407372 -92.334023 5
43.392834 -92.328278 5
43.365623 -92.351799 5
43.355881 -92.32692 5
43.400082 -92.333031 5
43.377617 -92.34317 5
43.413029 -92.333992 5
43.377666 -92.338829 5
43.377655 -92.325706 5
43.386105 -92.334389 5
43.362057 -92.332634 5
43.365269 -92.363075 5
43.365639 -92.347466 5
43.392807 -92.323051 5
43.386093 -92.325745 5
43.365219 -92.358932 5
43.392792 -92.318718 5
43.362061 -92.328285 5
43.39286 -92.334145 5
43.365318 -92.367226 5
43.407387 -92.329262 5
43.355869 -92.322388 5
43.35952 -92.340782 5
43.346874 -93.307564 1
43.353271 -93.304245 1
43.360859 -93.329346 1
43.352242 -93.324127 1
43.335339 -93.305222 1
43.373112 -93.326073 1
43.340248 -93.323212 1
43.334938 -93.314873 1
43.336136 -93.292831 1
43.366154 -93.325928 1
43.361275 -93.312836 1
43.37323 -93.335052 1
43.345619 -93.326981 1
43.340878 -93.309845 1
43.346531 -93.321838 1
43.366184 -93.339371 1
43.333855 -93.309395 1
43.366508 -93.309448 1
43.346531 -93.301743 1
43.353302 -93.311111 1
43.366657 -93.315277 1
43.351215 -93.317612 1
43.353333 -93.29847 1
43.366154 -93.321823 1
43.373203 -93.33062 1
43.366302 -93.334969 1
43.361156 -93.3181 1
43.366154 -93.330566 1
43.340477 -93.303223 1
43.361275 -93.308556 1
43.351955 -93.328125 4
43.340992 -93.317162 1
43.346016 -93.330811 1
43.373112 -93.339371 1
43.343849 -93.293915 1
43.360916 -93.334312 1
43.373203 -93.321732 1
43.346245 -93.311905 1
43.335876 -93.319504 1
43.340134 -93.297401 1
43.390274 -92.804695 6
43.430668 -92.900719 6
43.483654 -92.874931 6
43.41029 -92.865036 6
43.494873 -92.818985 6
43.452549 -92.838425 6
43.365475 -92.818283 6
43.410862 -92.857468 6
43.494987 -92.825569 6
43.366516 -92.860062 6
43.385254 -92.842819 6
43.420837 -92.914207 6
43.429943 -92.866859 6
43.366051 -92.852745 6
43.365372 -92.812759 6
43.468056 -92.843445 6
43.495136 -92.832649 6
43.470879 -92.787903 6
43.362343 -92.877762 6
43.429268 -92.882629 6
43.467087 -92.833603 6
43.391262 -92.797844 6
43.389469 -92.816193 6
43.383102 -92.860878 6
43.483631 -92.883926 6
43.384949 -92.882126 6
43.405735 -92.804375 6
43.45348 -92.82814 6
43.405991 -92.821373 6
43.451252 -92.860931 6
43.365589 -92.846397 6
43.413204 -92.900009 6
43.452522 -92.818741 6
43.362244 -92.872398 6
43.404968 -92.813644 6
43.494747 -92.812553 6
43.453239 -92.802933 6
43.433411 -92.836082 6
43.365891 -92.892891 6
43.386555 -92.896408 6
43.365505 -92.839973 6
43.453426 -92.875427 6
43.384914 -92.824867 6
43.453548 -92.808235 6
43.47039 -92.801643 6
43.430874 -92.875801 6
43.470432 -92.795265 6
43.474262 -92.823418 6
43.361935 -92.826218 6
43.414963 -92.892815 6
43.454842 -92.788162 6
43.467175 -92.86087 6
43.481682 -92.857903 6
43.470974 -92.781326 6
43.463913 -92.853317 6
43.364094 -92.865852 6
43.757092 -92.699791 2
43.753193 -92.681595 2
43.763893 -92.681396 2
43.766991 -92.684792 2
43.757191 -92.696396 2
43.769894 -92.676994 2
43.736191 -92.687294 2
43.776993 -92.68409 2
43.786591 -92.649292 2
43.75539 -92.687492 2
43.793991 -92.685989 2
43.781891 -92.651894 2
43.79129 -92.659592 2
43.735893 -92.702393 2
43.75629 -92.684494 2
43.793991 -92.671394 2
43.743191 -92.681793 2
43.77219 -92.65419 2
43.787292 -92.684196 2
43.770493 -92.684692 2
43.765591 -92.694794 2
43.75209 -92.704491 2
43.762291 -92.691391 2
43.741592 -92.684395 2
43.783993 -92.675995 2
43.781593 -92.662292 2
43.757191 -92.65609 2
43.789093 -92.664597 2
43.739594 -92.68689 2
43.762894 -92.685196 2
43.729092 -92.71479 2
43.758591 -92.675194 2
43.758892 -92.683495 2
43.771591 -92.662689 2
43.794029 -92.674797 2
43.786591 -92.65889 2
43.779392 -92.675896 2
43.777893 -92.655396 2
43.755192 -92.674995 2
43.783894 -92.683891 2
43.800591 -92.645493 2
43.739391 -92.701591 2
43.739391 -92.691696 2
43.780491 -92.684196 2
43.73579 -92.692894 2
43.792492 -92.651291 2
43.751991 -92.697792 2
43.775093 -92.676292 2
43.743092 -92.675591 2
43.766491 -92.677094 2
43.788292 -92.675293 2
43.759792 -92.65609 2
43.784554 -92.67202 2
43.753292 -92.676895 2
43.781792 -92.66819 2
43.779091 -92.64389 2
43.763893 -92.65509 2
43.753693 -92.691193 2
43.800293 -92.636093 2
43.739391 -92.696594 2
43.773891 -92.684494 2
43.784893 -92.666389 2
43.737591 -92.714294 2
43.767094 -92.691589 2
43.793892 -92.681892 2
43.73579 -92.697395 2
43.766792 -92.654892 2
