40.976551 -88.107567 11
41.024132 -88.018898 11
40.971813 -88.079475 11
41.022373 -87.990181 11
41.011261 -88.067657 11
40.996662 -88.034058 11
41.014042 -87.976646 11
41.025032 -88.024467 11
40.994343 -88.030876 11
41.018253 -87.969231 11
41.030212 -88.048386 11
40.978863 -88.052437 11
40.970417 -88.105522 11
41.012924 -88.030785 11
41.010292 -88.050652 11
40.999683 -88.122086 11
41.001671 -88.116104 11
41.02523 -87.957855 11
41.035282 -88.020584 11
41.009274 -87.995827 11
40.963154 -88.100243 11
41.024651 -88.007576 11
41.008583 -88.073174 11
41.034031 -88.048378 11
41.007614 -88.115936 11
40.979046 -88.047615 11
41.003334 -88.076935 11
41.006752 -88.032761 11
41.032673 -87.956772 11
41.025143 -87.971146 11
41.001534 -88.008774 11
40.994522 -88.018745 11
41.027431 -87.976646 11
40.974171 -88.102768 11
41.035053 -88.024986 11
40.996952 -88.097816 11
41.015373 -88.069862 11
41.005833 -88.026688 11
41.018444 -88.033394 11
41.010151 -87.989967 11
41.025124 -88.047256 11
41.004261 -88.101486 11
40.979702 -88.057327 11
41.019432 -88.009895 11
41.031433 -88.033913 11
40.981121 -88.068207 11
41.02615 -88.030937 11
41.003841 -88.126534 11
41.024094 -88.054123 11
40.986534 -88.025948 11
41.005184 -88.009331 11
41.038342 -88.048454 11
41.020851 -88.026108 11
41.024792 -87.993576 11
40.986683 -88.075325 11
41.000713 -88.050781 11
40.989513 -88.047462 11
40.997173 -88.076721 11
40.988022 -88.062004 11
40.974461 -88.096565 11
41.022854 -87.974831 11
41.017593 -87.995171 11
40.962933 -88.110832 11
41.011883 -88.026321 11
41.020481 -88.058037 11
40.976303 -88.072731 11
40.979954 -88.121353 11
40.970772 -88.091011 11
40.989902 -88.107681 11
41.019402 -87.974007 11
41.033981 -88.042877 11
40.993023 -88.104172 11
40.992622 -88.025963 11
40.975624 -88.066673 11
40.988564 -88.090828 11
41.022503 -88.045105 11
40.993301 -88.086388 11
41.005981 -87.990654 11
40.989113 -88.129875 11
40.985023 -88.129753 11
41.013554 -87.992645 11
40.993351 -88.079895 11
41.005142 -88.039932 11
41.017403 -87.990173 11
41.016491 -88.010597 11
41.004532 -88.048714 11
40.963181 -88.095497 11
40.979511 -88.102325 11
40.994198 -88.052414 11
41.021282 -88.073586 11
41.009113 -88.011467 11
41.018051 -88.043396 11
40.996471 -88.112106 11
40.974884 -88.120331 11
41.003273 -88.082924 11
40.964554 -88.105614 11
41.023613 -88.065712 11
40.985352 -88.102585 11
41.007793 -88.020782 11
40.981323 -88.106873 11
41.027992 -87.953682 11
40.988243 -88.034035 11
40.971344 -88.120392 11
