35.7702 -122.1135 1
35.749 -122.1099 1
35.762 -122.0904 1
35.7408 -122.0868 1
35.7196 -122.0832 1
35.775 -122.0708 1
35.7538 -122.0672 1
35.7326 -122.0636 1
35.7114 -122.06 1
35.7668 -122.0477 1
35.7456 -122.0441 1
35.7244 -122.0405 1
35.7032 -122.0369 1
35.6395 -122.0262 1
35.7586 -122.0245 1
35.6183 -122.0226 1
35.7374 -122.0209 1
35.5971 -122.019 1
35.7162 -122.0173 1
35.5759 -122.0154 1
35.695 -122.0138 1
35.6313 -122.0031 1
35.7504 -122.0014 1
35.6101 -121.9995 1
35.7292 -121.9978 1
35.5889 -121.9959 1
35.708 -121.9942 1
35.5677 -121.9923 1
35.6867 -121.9906 1
35.5465 -121.9888 1
35.6655 -121.9871 1
35.6443 -121.9835 1
35.6231 -121.9799 1
35.7422 -121.9782 1
35.6019 -121.9764 1
35.7209 -121.9747 1
35.5807 -121.9728 1
35.6997 -121.9711 1
35.5595 -121.9693 1
35.6785 -121.9675 1
35.5382 -121.9657 1
35.6573 -121.964 1
35.517 -121.9621 1
35.6361 -121.9604 1
35.6149 -121.9568 1
35.7339 -121.9551 1
35.5937 -121.9533 1
35.7127 -121.9515 1
35.5724 -121.9497 1
35.6915 -121.948 1
35.5512 -121.9462 1
35.6703 -121.9444 1
35.53 -121.9426 1
35.6491 -121.9409 1
35.5088 -121.9391 1
35.6279 -121.9373 1
35.4876 -121.9355 1
35.6066 -121.9338 1
35.7257 -121.932 1
35.5854 -121.9302 1
35.7045 -121.9284 1
35.5642 -121.9267 1
35.6833 -121.9249 1
35.543 -121.9231 1
35.6621 -121.9213 1
35.5218 -121.9196 1
35.6408 -121.9178 1
35.5006 -121.916 1
35.6196 -121.9142 1
35.4793 -121.9125 1
35.5984 -121.9107 1
35.7175 -121.9088 1
35.5772 -121.9071 1
35.6963 -121.9053 1
35.556 -121.9036 1
35.675 -121.9017 1
35.5348 -121.9 1
35.6538 -121.8982 1
35.5136 -121.8965 1
35.6326 -121.8947 1
35.4923 -121.893 1
35.6114 -121.8911 1
35.4711 -121.8894 1
35.5902 -121.8876 1
35.7092 -121.8857 1
35.4499 -121.8859 1
35.569 -121.884 1
35.688 -121.8822 1
35.5477 -121.8805 1
35.6668 -121.8786 1
35.5265 -121.877 1
35.6456 -121.8751 1
35.5053 -121.8734 1
35.6244 -121.8716 1
35.4841 -121.8699 1
35.6032 -121.868 1
35.4629 -121.8664 1
35.5819 -121.8645 1
35.701 -121.8626 1
35.5607 -121.861 1
35.6798 -121.8591 1
35.5395 -121.8574 1
35.6586 -121.8555 1
35.5183 -121.8539 1
35.6374 -121.852 1
35.4971 -121.8504 1
35.6161 -121.8485 1
35.4759 -121.8469 1
35.5949 -121.8449 1
35.4546 -121.8433 1
35.5737 -121.8414 1
35.6928 -121.8395 1
35.5525 -121.8379 1
35.6715 -121.836 1
35.5313 -121.8344 1
35.6503 -121.8324 1
35.51 -121.8308 1
35.6291 -121.8289 1
35.4888 -121.8273 1
35.6079 -121.8254 1
35.4676 -121.8238 1
35.5867 -121.8219 1
35.4464 -121.8203 1
35.5655 -121.8183 1
35.6845 -121.8164 1
35.5442 -121.8148 1
35.6633 -121.8129 1
35.523 -121.8113 1
35.6421 -121.8093 1
35.5018 -121.8078 1
35.6209 -121.8058 1
35.4806 -121.8043 1
35.5996 -121.8023 1
35.4594 -121.8008 1
35.5784 -121.7988 1
35.5572 -121.7953 1
35.6763 -121.7933 1
35.536 -121.7918 1
35.655 -121.7898 1
35.5148 -121.7883 1
35.6338 -121.7863 1
35.4935 -121.7848 1
35.6126 -121.7827 1
35.4723 -121.7812 1
35.5914 -121.7792 1
35.4511 -121.7777 1
35.5702 -121.7757 1
35.5489 -121.7722 1
35.668 -121.7702 1
35.5277 -121.7687 1
35.6468 -121.7667 1
35.5065 -121.7652 1
35.6256 -121.7632 1
35.4853 -121.7617 1
35.6043 -121.7597 1
35.4641 -121.7582 1
35.5831 -121.7562 1
35.4428 -121.7547 1
35.5619 -121.7527 1
35.5407 -121.7492 1
35.6597 -121.7471 1
35.5195 -121.7457 1
35.6385 -121.7436 1
35.4982 -121.7422 1
35.6173 -121.7401 1
35.477 -121.7387 1
35.5961 -121.7366 1
35.4558 -121.7352 1
35.5749 -121.7331 1
35.5536 -121.7296 1
35.5324 -121.7261 1
35.6515 -121.724 1
35.5112 -121.7226 1
35.6303 -121.7205 1
35.49 -121.7191 1
35.609 -121.717 1
35.4688 -121.7156 1
35.5878 -121.7135 1
35.4475 -121.7122 1
35.5666 -121.71 1
35.5454 -121.7066 1
35.5241 -121.7031 1
35.5029 -121.6996 1
35.4817 -121.6961 1
35.4605 -121.6926 1
35.5795 -121.6905 1
35.5583 -121.687 1
35.5371 -121.6835 1
35.5159 -121.68 1
35.4947 -121.6765 1
35.4734 -121.6731 1
35.4522 -121.6696 1
35.55 -121.6639 1
35.5288 -121.6605 1
35.5076 -121.657 1
35.4864 -121.6535 1
35.4651 -121.65 1
35.5418 -121.6409 1
35.5205 -121.6374 1
35.4993 -121.634 1
35.4781 -121.6305 1
35.4569 -121.627 1
35.5335 -121.6178 1
35.5122 -121.6144 1
35.491 -121.6109 1
35.4698 -121.6075 1
35.5464 -121.5983 1
35.5252 -121.5948 1
35.504 -121.5914 1
35.4827 -121.5879 1
35.4615 -121.5844 1
35.4744 -121.5649 1
