33.580894 -101.823891 1
34.385666 -101.337463 2
34.358582 -101.302116 2
34.354553 -101.322281 2
34.369705 -101.332375 2
34.341503 -101.314392 2
34.342712 -101.321785 2
34.331253 -101.339584 2
34.389915 -101.269112 2
34.329975 -101.31633 2
34.414875 -101.326828 2
34.370632 -101.302422 2
34.378922 -101.279526 2
34.419804 -101.307671 2
34.396206 -101.3181 2
34.397388 -101.302757 2
34.350803 -101.28373 2
34.393269 -101.296837 2
34.356445 -101.297554 2
34.368973 -101.327599 2
34.417835 -101.304916 2
34.352413 -101.314293 2
34.367184 -101.296204 2
34.403126 -101.28582 2
34.321365 -101.319023 2
34.386898 -101.289009 2
34.402534 -101.322311 2
34.343452 -101.325493 2
34.320873 -101.314331 2
34.414024 -101.299568 2
34.380234 -101.32299 2
34.394196 -101.334129 2
34.382965 -101.334808 2
34.389507 -101.29261 2
34.353493 -101.318214 2
34.328033 -101.335739 2
34.354164 -101.293129 2
34.352455 -101.288223 2
34.380424 -101.332329 2
34.378803 -101.319572 2
34.331196 -101.322449 2
34.323322 -101.325539 2
34.372787 -101.304733 2
34.364586 -101.321869 2
34.342033 -101.318069 2
34.332493 -101.325508 2
34.343296 -101.303642 2
34.325844 -101.332382 2
34.371082 -101.336128 2
34.393444 -101.27021 2
34.401024 -101.337784 2
34.382683 -101.285828 2
34.354546 -101.326591 2
34.399689 -101.305756 2
34.365467 -101.293091 2
34.393654 -101.315903 2
34.383163 -101.309837 2
34.398636 -101.33503 2
34.367004 -101.324493 2
34.401714 -101.30883 2
34.415874 -101.302223 2
34.412636 -101.320068 2
34.344975 -101.307564 2
34.404133 -101.325554 2
34.398556 -101.274811 2
34.414104 -101.323341 2
34.395363 -101.299751 2
34.380829 -101.282661 2
34.387783 -101.2668 2
34.341755 -101.299881 2
34.398773 -101.321175 2
34.381062 -101.307098 2
34.368877 -101.299263 2
34.404236 -101.289024 2
34.381634 -101.326439 2
34.403763 -101.340363 2
34.373779 -101.308006 2
34.402065 -101.282631 2
34.421974 -101.310051 2
34.396004 -101.272484 2
34.372353 -101.340218 2
34.400986 -101.279282 2
33.966927 -101.222 3
33.973354 -101.229233 3
33.950867 -101.24408 3
34.011326 -101.266556 3
34.005695 -101.245377 3
34.020721 -101.214401 3
33.96191 -101.243706 3
33.981827 -101.244148 3
34.005959 -101.251694 3
34.009037 -101.234718 3
34.009281 -101.204857 3
34.001938 -101.226967 3
33.981892 -101.267639 3
33.982487 -101.258591 3
33.975651 -101.240868 3
34.019833 -101.248512 3
33.951084 -101.22628 3
34.003777 -101.214645 3
33.950954 -101.234978 3
34.009541 -101.25943 3
34.020813 -101.205048 3
33.965183 -101.650749 4
33.960007 -101.676636 4
33.915161 -101.72995 4
33.985832 -101.676537 4
33.921551 -101.675186 4
33.987434 -101.701706 4
33.898949 -101.606064 4
33.938477 -101.737862 4
33.902237 -101.62896 4
34.011864 -101.654922 4
33.917107 -101.597435 4
33.913071 -101.635834 4
33.899349 -101.646088 4
34.019703 -101.596268 4
33.922894 -101.727036 4
33.97274 -101.611526 1
33.976162 -101.645782 4
33.91188 -101.680504 4
33.957394 -101.663277 1
33.986179 -101.658417 4
33.931946 -101.638008 4
33.952301 -101.715096 4
33.908142 -101.70797 4
33.916115 -101.586182 4
33.966694 -101.646355 1
33.958618 -101.738525 4
33.95343 -101.60379 4
33.98666 -101.706299 4
33.974888 -101.602852 4
34.009308 -101.628899 1
33.914158 -101.720848 4
33.94035 -101.620285 4
33.965939 -101.568504 4
33.954842 -101.728889 4
33.892548 -101.629814 4
33.911247 -101.594933 4
33.96677 -101.704041 4
33.993931 -101.612259 1
33.974796 -101.742432 4
34.007889 -101.614235 1
33.961823 -101.610672 1
33.897331 -101.667183 4
33.974098 -101.615852 4
33.942913 -101.641945 4
33.942432 -101.69973 4
33.997906 -101.659729 4
33.894585 -101.653404 4
33.938736 -101.732994 4
33.901955 -101.610931 4
33.931664 -101.587273 4
33.990677 -101.720131 4
33.917477 -101.684036 4
33.97205 -101.684998 4
33.922745 -101.736679 4
33.997795 -101.646088 1
34.011391 -101.596001 1
33.89249 -101.623878 4
33.949245 -101.581985 4
33.89724 -101.676254 4
34.012199 -101.605339 4
33.942894 -101.611115 4
33.918438 -101.700302 4
33.958431 -101.743164 4
33.970917 -101.699783 4
34.008137 -101.621071 1
33.94606 -101.659889 4
33.915817 -101.725037 4
33.911266 -101.606384 4
34.018543 -101.619637 4
33.911938 -101.628151 4
33.974789 -101.738235 4
33.942024 -101.573494 4
33.898727 -101.723717 4
33.954742 -101.599182 4
33.966976 -101.708099 4
33.940762 -101.711441 4
33.907139 -101.712311 4
33.898033 -101.705978 4
33.897861 -101.58136 4
33.993835 -101.633492 1
34.008575 -101.587151 4
33.984459 -101.583961 4
33.9916 -101.583748 4
33.900349 -101.689232 4
33.888336 -101.71373 4
34.004139 -101.583923 4
33.950867 -101.568336 4
33.965424 -101.71891 4
33.964779 -101.713181 4
33.922733 -101.628937 4
33.97578 -101.692894 4
33.916527 -101.653778 4
33.900581 -101.636871 4
33.972065 -101.689453 4
33.907051 -101.640701 4
33.981365 -101.681015 1
33.972198 -101.672348 4
33.942268 -101.569168 4
33.930298 -101.686707 4
33.973137 -101.704056 4
33.946964 -101.734917 4
34.008434 -101.65094 4
33.922714 -101.720596 4
34.000481 -101.591682 4
33.957157 -101.642128 1
34.017334 -101.584038 1
33.909145 -101.653893 4
34.018158 -101.62854 4
33.930473 -101.577034 4
33.974056 -101.598579 4
33.966476 -101.572983 4
33.967747 -101.677193 4
33.923977 -101.642738 4
33.886936 -101.676407 4
33.954662 -101.624321 4
33.906879 -101.729683 4
33.898651 -101.72995 4
33.895786 -101.641472 4
33.998741 -101.624649 4
34.009022 -101.592049 1
33.976173 -101.676003 4
33.966728 -101.741409 4
33.893974 -101.633995 4
34.018539 -101.624588 4
33.960514 -101.57708 4
33.953918 -101.719223 4
33.938358 -101.668167 4
33.965393 -101.585968 4
33.978039 -101.588043 4
33.932007 -101.642769 4
33.928246 -101.667091 4
33.951401 -101.572861 4
33.948666 -101.586327 4
33.918163 -101.705368 4
33.953236 -101.675819 4
33.924168 -101.612114 4
33.961582 -101.600761 1
34.016178 -101.65773 1
33.910606 -101.70327 4
33.93182 -101.703964 4
33.960896 -101.595116 4
33.973782 -101.719551 4
34.016968 -101.649109 4
33.930271 -101.681892 4
34.01939 -101.592163 4
33.985992 -101.711517 4
33.910007 -101.620216 4
33.959877 -101.667076 4
34.002254 -101.596069 4
33.980114 -101.592194 4
33.889381 -101.645226 4
33.951874 -101.611343 4
33.896717 -101.662582 4
33.923134 -101.740715 4
33.972668 -101.729645 4
33.912128 -101.60183 4
33.937836 -101.692863 4
34.013779 -101.63765 4
33.994816 -101.586639 4
33.925247 -101.65287 4
33.971672 -101.591934 4
33.993904 -101.621132 1
33.918209 -101.693306 4
33.941422 -101.602348 4
33.908096 -101.687584 4
33.917957 -101.620148 4
33.886814 -101.671272 4
33.937588 -101.658775 4
33.925289 -101.646347 4
33.983406 -101.654816 1
34.000771 -101.630966 4
33.902592 -101.624184 4
33.903965 -101.601662 4
33.921631 -101.663864 4
33.957081 -101.734825 4
33.942986 -101.606529 4
33.982735 -101.663277 1
33.937691 -101.707451 4
33.916218 -101.641579 4
33.985641 -101.587547 4
33.961926 -101.63755 4
33.99361 -101.595978 4
33.916119 -101.658981 4
33.995922 -101.655708 4
33.966629 -101.57962 4
34.018711 -101.588051 4
33.961998 -101.723602 4
33.928051 -101.657822 4
33.932022 -101.716393 4
34.016144 -101.579338 4
33.937725 -101.633308 4
33.973156 -101.734077 4
34.012276 -101.645699 1
33.899792 -101.576202 4
33.945896 -101.669075 4
33.894787 -101.610481 4
33.952484 -101.615158 4
34.017853 -101.633095 4
33.896664 -101.618942 4
33.971813 -101.715942 4
33.945911 -101.632889 4
33.903164 -101.650002 4
33.993759 -101.651596 4
33.979549 -101.668114 4
34.002621 -101.611244 1
33.903259 -101.726273 4
33.987076 -101.71627 4
33.930744 -101.581665 4
33.945194 -101.628548 4
33.907192 -101.633125 4
33.958904 -101.582611 4
33.939732 -101.741798 4
33.967537 -101.614983 4
33.975281 -101.583717 4
33.899986 -101.681046 4
33.945934 -101.674385 4
33.916504 -101.688789 4
33.973797 -101.723595 4
33.952038 -101.577187 4
33.90873 -101.658401 4
33.900944 -101.59713 4
33.947174 -101.702789 4
33.931129 -101.67144 4
33.945942 -101.654526 4
33.921238 -101.670715 4
33.896873 -101.614479 4
33.954994 -101.619347 4
33.931614 -101.711601 4
33.915184 -101.710518 4
33.945953 -101.692139 4
33.937553 -101.654137 4
33.941849 -101.579643 4
33.973339 -101.650574 4
33.965557 -101.6586 4
33.995953 -101.640648 1
33.92458 -101.633141 4
33.923946 -101.637871 4
34.01228 -101.575729 4
33.93985 -101.615746 4
34.315334 -101.282959 1
34.330364 -101.247864 1
34.276573 -101.249001 1
34.277836 -101.192688 1
34.288166 -101.226364 1
34.332355 -101.226189 1
34.310863 -101.216118 1
34.337223 -101.266853 1
34.307514 -101.289444 1
34.318314 -101.227173 1
34.291874 -101.22995 1
34.346924 -101.243622 1
34.332363 -101.257858 1
34.298374 -101.252594 1
34.310875 -101.29348 1
34.301716 -101.225281 1
34.283596 -101.238289 1
34.344326 -101.230713 1
34.302914 -101.284363 1
34.309093 -101.29158 1
34.289673 -101.244362 1
34.287174 -101.19046 1
34.330555 -101.291374 1
34.275486 -101.23262 1
34.329445 -101.244751 1
34.310825 -101.271919 1
34.314365 -101.221352 1
34.323284 -101.231453 1
34.343185 -101.227875 1
34.313133 -101.246712 1
34.283894 -101.222733 1
34.306602 -101.264214 1
34.312973 -101.218529 1
34.317333 -101.255058 1
34.331142 -101.251389 1
34.328026 -101.282433 1
34.309944 -101.239799 1
34.331745 -101.293732 1
34.286095 -101.240379 1
34.346825 -101.276237 1
34.290924 -101.214554 1
34.302113 -101.200371 1
34.300705 -101.196274 1
34.299953 -101.255104 1
34.327946 -101.217812 1
34.302834 -101.257408 1
34.275333 -101.212753 1
34.326923 -101.27993 1
34.276855 -101.215973 1
34.287605 -101.210068 1
34.298515 -101.220268 1
34.328846 -101.222519 1
34.278553 -101.256851 1
34.345165 -101.233658 1
34.315063 -101.277534 1
34.306973 -101.23278 1
34.303944 -101.229408 1
34.281185 -101.201935 1
34.329113 -101.284935 1
34.320675 -101.261063 1
34.279465 -101.198563 1
34.278515 -101.218384 1
34.309032 -101.212662 1
34.323853 -101.265732 1
34.341896 -101.256363 1
34.294174 -101.217201 1
34.277153 -101.189194 1
34.346886 -101.263268 1
34.295563 -101.249481 1
34.324486 -101.234055 1
34.274555 -101.209412 1
34.293625 -101.232964 1
34.308815 -101.267929 1
34.305412 -101.286682 1
34.277332 -101.253632 1
34.293804 -101.247093 1
34.308506 -101.236252 1
34.330055 -101.288551 1
34.311413 -101.243423 1
34.285023 -101.206879 1
34.341393 -101.225349 1
34.300934 -101.282341 1
34.303925 -101.20488 1
34.281414 -101.220711 1
34.275272 -101.245949 1
34.331753 -101.254379 1
34.346684 -101.257729 1
34.325893 -101.237541 1
34.346123 -101.236832 1
34.335014 -101.263939 1
34.339516 -101.269653 1
34.278183 -101.236893 1
34.292004 -101.19825 1
34.306244 -101.208969 1
34.316505 -101.22364 1
34.327374 -101.270203 1
34.305325 -101.261002 1
34.274834 -101.229271 1
34.343983 -101.273369 1
34.299736 -101.279869 1
33.728928 -101.503143 5
33.699299 -101.494644 5
33.72929 -101.478058 5
33.726738 -101.473587 5
33.761715 -101.429604 5
33.710785 -101.48349 5
33.780952 -101.449715 5
33.697403 -101.516937 5
33.779305 -101.459053 5
33.767437 -101.43795 5
33.761269 -101.459251 5
33.698906 -101.489937 5
33.777138 -101.485878 5
33.78159 -101.443008 6
33.767593 -101.447685 5
33.770714 -101.45134 5
33.711372 -101.473892 5
33.711117 -101.478638 5
33.775131 -101.502075 5
33.716331 -101.495506 5
33.781586 -101.437775 6
33.756176 -101.502525 5
33.781937 -101.432198 6
33.747398 -101.498627 5
33.705704 -101.500694 5
33.761513 -101.42421 5
33.760376 -101.507484 5
33.709599 -101.512833 5
33.74292 -101.489983 5
33.762554 -101.464867 6
33.715473 -101.487747 5
33.69936 -101.507225 5
33.774483 -101.506866 5
33.727612 -101.494209 5
33.569294 -101.765289 1
33.569294 -101.762093 1
33.569294 -101.758888 1
33.751896 -101.00499 7
33.753193 -100.973793 7
33.765495 -100.967491 7
33.746796 -100.959091 7
33.748993 -100.968689 7
33.768295 -101.014893 7
33.732895 -100.935394 7
33.747993 -100.997894 7
33.744495 -100.983192 7
33.760994 -100.938889 7
33.784893 -101.015793 7
33.771496 -100.987793 7
33.739796 -100.928993 7
33.757996 -100.927689 7
33.747894 -100.96389 7
33.790894 -101.027092 7
33.753193 -101.009789 7
33.763596 -100.945992 7
33.799095 -100.99659 7
33.802494 -101.001091 7
33.751495 -101.032494 7
33.781693 -101.002792 7
33.754894 -101.017693 7
33.771496 -100.999687 7
33.769394 -101.034492 7
33.733494 -100.93779 7
33.782093 -101.005592 7
33.746994 -100.995094 7
33.752995 -101.037292 7
33.746292 -100.956688 7
33.744595 -100.949493 7
33.754295 -101.015091 7
33.764996 -100.964088 7
33.804695 -101.003288 7
33.756294 -100.985588 7
33.783092 -101.009392 7
33.800694 -101.015388 7
33.740395 -100.931587 7
33.812492 -101.017891 7
33.744194 -100.946991 7
33.743095 -100.942192 7
33.800594 -100.998993 7
33.768593 -101.031792 7
33.754894 -100.949188 7
33.744793 -100.985992 7
33.747395 -100.961494 7
33.793293 -101.035889 7
33.757793 -100.991791 7
33.749493 -100.971191 7
33.769993 -100.985794 7
33.762695 -100.943588 7
33.745792 -100.954292 7
33.753994 -100.926888 7
33.753693 -100.976189 7
33.764893 -100.97139 7
33.742493 -100.939789 7
33.732395 -100.932991 7
33.746193 -100.992188 7
33.809994 -101.01059 7
33.783993 -101.012688 7
33.731895 -100.930489 7
33.761593 -100.941391 7
33.765392 -100.974091 7
33.749992 -101.027695 7
33.748394 -100.966293 7
33.792095 -101.031891 7
33.750637 -100.938896 7
33.769093 -100.983292 7
33.811295 -101.015594 7
33.768894 -101.017792 7
33.799995 -101.012993 7
33.760994 -100.962189 7
33.749195 -101.025291 7
33.799194 -101.010689 7
33.810696 -101.013092 7
33.802795 -101.024689 7
33.745094 -100.988991 7
33.764893 -100.948288 7
33.755894 -100.953392 7
33.768494 -100.98069 7
33.770992 -100.995995 7
33.802193 -101.021988 7
33.767593 -101.011993 7
33.755592 -100.98259 7
33.749596 -101.000587 7
33.743595 -100.944588 7
33.767494 -100.977394 7
33.758694 -100.994392 7
33.756992 -100.988892 7
33.752293 -101.034889 7
33.760296 -100.959488 7
33.766594 -101.025993 7
33.803493 -101.02729 7
33.753796 -101.01239 7
33.772392 -101.002991 7
33.754993 -100.979889 7
33.751194 -100.930992 7
33.744095 -100.98069 7
33.741993 -100.937393 7
33.760395 -100.936394 7
33.995247 -101.187485 3
34.033112 -101.070122 3
34.029804 -101.111725 3
34.028221 -101.097572 3
34.028797 -101.102425 3
34.017166 -101.148354 3
34.034187 -101.166412 3
34.018311 -101.08828 3
34.010376 -101.121964 3
34.016972 -101.143051 3
34.035606 -101.170563 3
33.995251 -101.191582 3
34.054443 -101.196686 3
34.047516 -101.2453 3
34.025372 -101.194199 3
34.016571 -101.164513 3
34.033558 -101.066132 3
34.02388 -101.190056 3
34.018021 -101.083076 3
34.032562 -101.075111 3
34.010376 -101.118309 3
34.028816 -101.126472 3
34.043709 -101.192558 3
34.029602 -101.120789 3
34.010635 -101.125618 3
34.010204 -101.105484 3
34.029095 -101.107117 3
34.039902 -101.183571 3
34.016712 -101.153343 3
34.054409 -101.201752 3
33.995281 -101.183174 3
34.032883 -101.204475 3
34.041351 -101.188057 3
34.034016 -101.155533 3
33.997307 -101.160896 3
34.010925 -101.112137 3
34.016277 -101.13768 3
33.999222 -101.152504 3
33.996353 -101.167412 3
34.039581 -101.175575 3
34.052532 -101.171188 3
34.03199 -101.138428 3
34.05402 -101.175476 3
34.010311 -101.131126 3
34.032085 -101.197868 3
34.010208 -101.102005 3
34.016296 -101.15818 3
33.995663 -101.176468 3
34.032166 -101.079582 3
34.029266 -101.131554 3
34.041302 -101.224083 3
34.04055 -101.233719 3
34.054874 -101.180962 3
34.054493 -101.188889 3
34.032471 -101.149353 3
34.032261 -101.143936 3
34.03001 -101.236115 3
34.024143 -101.180992 3
34.024315 -101.092514 3
34.035019 -101.21627 3
34.041615 -101.242195 3
34.025105 -101.231735 3
34.024143 -101.171219 3
33.549694 -101.790192 1
33.554893 -101.800194 1
33.549892 -101.800392 1
33.549694 -101.792992 1
33.549793 -101.797089 1
33.553192 -101.792389 1
33.553993 -101.794891 1
33.552494 -101.789589 1
33.552494 -101.800194 1
33.554695 -101.797188 1
33.744095 -101.483864 1
33.747494 -101.462288 1
33.745693 -101.443642 1
33.746796 -101.455391 1
33.746178 -101.439392 1
33.745346 -101.42691 1
33.744015 -101.479858 1
33.745815 -101.435555 1
33.743885 -101.468414 1
33.743874 -101.475853 1
33.745594 -101.431282 1
33.661293 -101.394089 1
33.661327 -101.381607 1
33.66127 -101.385574 1
33.661293 -101.377693 1
33.661327 -101.390114 1
34.135654 -101.337479 1
34.108437 -101.347061 1
34.091034 -101.335274 1
34.145924 -101.366882 1
34.064354 -101.296043 1
34.137154 -101.299309 1
34.071743 -101.35537 1
34.056183 -101.273575 1
34.069115 -101.318062 1
34.079094 -101.377434 1
34.060535 -101.290688 1
34.072815 -101.35849 1
34.108292 -101.370995 1
34.091095 -101.331841 1
34.090626 -101.355591 1
34.068535 -101.308083 1
34.090805 -101.348831 1
34.150703 -101.374588 1
34.066292 -101.298622 1
34.137123 -101.303024 1
34.090725 -101.352188 1
34.108509 -101.333267 1
34.137074 -101.306732 1
34.090584 -101.359001 1
34.090885 -101.345451 1
34.090458 -101.365814 1
34.101482 -101.390152 1
34.136086 -101.323326 1
34.101479 -101.379898 1
34.108494 -101.340218 1
34.090984 -101.338692 1
34.135998 -101.326683 1
34.069073 -101.321579 1
34.136475 -101.318008 1
34.151646 -101.378151 1
34.074905 -101.364799 1
34.084732 -101.396393 1
34.101494 -101.386749 1
34.068707 -101.342422 1
34.101433 -101.393562 1
34.136723 -101.310532 1
34.137302 -101.291084 1
34.090935 -101.342049 1
34.101494 -101.383331 1
34.172924 -101.364655 1
34.069035 -101.325012 1
34.068386 -101.304688 1
34.073853 -101.361649 1
34.070724 -101.35218 1
34.056225 -101.280869 1
34.108273 -101.374451 1
34.086323 -101.402878 1
34.108429 -101.350479 1
34.108341 -101.360741 1
34.068733 -101.311455 1
34.10149 -101.407234 1
34.169895 -101.359413 1
34.108517 -101.32988 1
34.075943 -101.368004 1
34.091362 -101.318703 1
34.108341 -101.364166 1
34.091335 -101.322159 1
34.091656 -101.315392 1
34.135864 -101.334099 1
34.090534 -101.362381 1
34.056206 -101.277443 1
34.082386 -101.386688 1
34.068756 -101.338799 1
34.108353 -101.357315 1
34.135925 -101.330681 1
34.143696 -101.36515 1
34.08316 -101.389931 1
34.138325 -101.355919 1
34.062466 -101.293381 1
34.168873 -101.355675 1
34.085522 -101.399628 1
34.135494 -101.344231 1
34.101421 -101.400398 1
34.10141 -101.403824 1
34.108501 -101.326454 1
34.083969 -101.393127 1
34.135555 -101.340904 1
34.137405 -101.287369 1
34.068954 -101.331879 1
34.137234 -101.294754 1
34.078033 -101.374268 1
34.136719 -101.31382 1
34.108311 -101.367599 1
34.148544 -101.369934 1
34.069706 -101.34906 1
34.068203 -101.3013 1
34.108456 -101.343666 1
34.140755 -101.35997 1
34.068687 -101.345947 1
34.081627 -101.38343 1
34.10144 -101.39695 1
34.108486 -101.336769 1
34.077003 -101.371162 1
34.108421 -101.353859 1
34.068943 -101.328423 1
34.193863 -101.358208 8
34.212799 -101.33226 8
34.183887 -101.375732 8
34.192657 -101.406677 8
34.252522 -101.404579 8
34.252361 -101.411758 8
34.212616 -101.343086 8
34.191914 -101.334358 8
34.212215 -101.364784 8
34.253288 -101.38752 8
34.208984 -101.293694 8
34.1754 -101.421707 8
34.193851 -101.361961 8
34.20874 -101.308151 8
34.228199 -101.350197 8
34.175621 -101.407158 8
34.192051 -101.422997 8
34.227726 -101.374901 8
34.190636 -101.392639 8
34.194016 -101.324524 8
34.194057 -101.350792 8
34.212555 -101.346725 8
34.212868 -101.328659 8
34.253075 -101.397324 8
34.192871 -101.403 8
34.175598 -101.410736 8
34.177944 -101.304543 8
34.25246 -101.408173 8
34.21302 -101.321701 8
34.227661 -101.378311 8
34.252258 -101.418976 8
34.228291 -101.342804 8
34.19265 -101.414093 8
34.253349 -101.383919 8
34.210228 -101.373558 8
34.212463 -101.350349 8
34.21273 -101.335861 8
34.184002 -101.368462 8
34.191814 -101.341515 8
34.212685 -101.33947 8
34.183681 -101.383034 8
34.227474 -101.388496 8
34.227623 -101.381714 8
34.175903 -101.395889 8
34.212963 -101.32518 8
34.175468 -101.41803 8
34.19212 -101.419891 8
34.208927 -101.297318 8
34.227863 -101.36805 8
34.172779 -101.387192 8
34.183804 -101.379349 8
34.212257 -101.36116 8
34.228481 -101.33535 8
34.228207 -101.34684 8
34.18396 -101.372101 8
34.192421 -101.395523 8
34.253151 -101.392792 8
34.19199 -101.430367 8
34.252594 -101.400986 8
34.18858 -101.389961 8
34.174789 -101.297478 8
34.19294 -101.399368 8
34.17638 -101.301025 8
34.210297 -101.369759 8
34.19202 -101.427254 8
34.227806 -101.371475 8
34.213058 -101.31826 8
34.192688 -101.410378 8
34.209469 -101.377274 8
34.25219 -101.423157 8
34.208801 -101.304565 8
34.181629 -101.318741 8
34.179535 -101.308037 8
34.186661 -101.387177 8
34.193954 -101.354492 8
34.191837 -101.337944 8
34.210651 -101.313293 8
34.172726 -101.391106 8
34.191998 -101.330772 8
34.228447 -101.339081 8
34.194134 -101.34713 8
34.252316 -101.415359 8
34.21241 -101.353981 8
34.181492 -101.314857 8
34.212341 -101.35759 8
34.208866 -101.300941 8
34.181469 -101.322586 8
34.227524 -101.385124 8
34.175697 -101.403214 8
34.175755 -101.399506 8
34.175514 -101.414314 8
33.863003 -101.096634 6
33.886799 -101.055481 6
33.814919 -101.081245 6
33.906178 -101.071083 6
33.856903 -101.136345 6
33.880344 -101.111374 6
33.832798 -101.053841 6
33.872173 -101.130867 6
33.813221 -101.179558 6
33.797344 -101.066322 6
33.788975 -101.099815 6
33.8064 -101.081932 6
33.856594 -101.131226 6
33.849258 -101.051231 6
33.794415 -101.136505 6
33.795532 -101.054245 6
33.905388 -101.050789 6
33.834255 -101.096451 6
33.867771 -101.050781 6
33.83337 -101.183144 6
33.814598 -101.100517 6
33.812969 -101.173859 6
33.780788 -101.058472 6
33.823498 -101.144478 6
33.874279 -101.156975 6
33.879784 -101.106773 6
33.812759 -101.168312 6
33.836739 -101.109917 6
33.833008 -101.059166 6
33.796452 -101.142204 6
33.853771 -101.11377 6
33.813221 -101.060364 6
33.783123 -101.113419 6
33.878956 -101.093338 6
33.825447 -101.043053 6
33.922779 -101.061829 6
33.814281 -101.088402 6
33.888035 -101.084564 6
33.887459 -101.075104 6
33.874569 -101.16201 6
33.833111 -101.200699 6
33.781502 -101.070824 6
33.823292 -101.133995 6
33.813217 -101.202972 6
33.813873 -101.075294 6
33.814388 -101.07827 6
33.922523 -101.057724 6
33.834053 -101.092216 6
33.834465 -101.203667 6
33.833763 -101.088165 6
33.81456 -101.096451 6
33.831924 -101.197937 6
33.867741 -101.05587 6
33.796795 -101.062256 6
33.823231 -101.129196 6
33.852295 -101.108574 6
33.806061 -101.07692 6
33.823383 -101.13916 6
33.817493 -101.185188 6
33.849529 -101.055771 6
33.907139 -101.079323 6
33.858852 -101.166687 6
33.873272 -101.141205 6
33.849937 -101.065224 6
33.922066 -101.049316 6
33.857471 -101.07901 6
33.879696 -101.101143 6
33.829403 -101.17897 6
33.857635 -101.152138 6
33.763725 -101.111687 6
33.859066 -101.083611 6
33.858837 -101.161888 6
33.90794 -101.087502 6
33.922321 -101.053513 6
33.835899 -101.213272 6
33.857319 -101.146317 6
33.801994 -101.148621 6
33.811054 -101.044365 6
33.791855 -101.122711 6
33.86232 -101.09388 6
33.802792 -101.155075 6
33.872784 -101.135742 6
33.858616 -101.156952 6
33.857178 -101.141258 6
33.887516 -101.070236 6
33.833694 -101.082565 6
33.763519 -101.084045 6
33.811592 -101.049782 6
33.8144 -101.207855 6
33.826042 -101.047943 6
33.813347 -101.072327 6
33.792362 -101.128525 6
33.837914 -101.114258 6
33.878002 -101.097878 6
33.85033 -101.103424 6
33.84914 -101.098083 6
33.868839 -101.060722 6
33.907459 -101.083458 6
33.833015 -101.06459 6
33.881985 -101.120857 6
33.781555 -101.065147 6
33.814503 -101.092392 6
33.887177 -101.060486 6
33.796234 -101.058151 6
33.887577 -101.079803 6
33.763775 -101.118439 6
33.791431 -101.117004 6
33.781799 -101.075264 6
33.763626 -101.089554 6
33.782997 -101.0839 6
33.812511 -101.162872 6
33.76347 -101.102478 6
33.83374 -101.076653 6
33.812313 -101.055138 6
33.763752 -101.107048 6
33.905426 -101.054565 6
33.849716 -101.06057 6
33.790852 -101.105141 6
33.839989 -101.124382 6
33.905479 -101.058365 6
33.875114 -101.166931 6
33.823643 -101.149231 6
33.906731 -101.075142 6
33.838894 -101.118645 6
33.905655 -101.062225 6
33.856419 -101.074303 6
33.886215 -101.050583 6
33.782413 -101.079529 6
33.873936 -101.15184 6
33.828579 -101.170029 6
33.763771 -101.094856 6
33.855469 -101.069633 6
33.821861 -101.120216 6
33.86969 -101.065506 6
33.861637 -101.091118 6
33.78318 -101.089111 6
33.822956 -101.123215 6
33.835762 -101.105759 6
33.881229 -101.116104 6
33.873524 -101.14666 6
33.856224 -101.125961 6
33.835354 -101.208504 6
33.887344 -101.065475 6
33.905922 -101.066994 6
33.81826 -101.190208 6
33.833656 -101.07093 6
33.781044 -101.061836 6
33.819077 -101.195145 6
33.787128 -101.094513 6
33.860947 -101.088356 6
34.122894 -101.105492 9
34.141895 -101.087593 9
34.107796 -101.095795 9
34.109196 -101.098389 9
34.131393 -101.09259 9
34.155193 -101.100891 9
34.144196 -101.096191 9
34.155495 -101.107193 9
34.089394 -101.086594 9
34.113396 -101.102394 9
34.090595 -101.089394 9
34.155693 -101.110893 9
34.124195 -101.101494 9
34.143394 -101.093292 9
34.091892 -101.092094 9
34.132793 -101.095589 9
34.156796 -101.103989 9
34.141994 -101.090691 9
34.111195 -101.100792 9
34.093895 -101.105392 9
34.092793 -101.094994 9
34.075794 -101.082291 9
34.076195 -101.085388 9
34.106594 -101.09259 9
34.092094 -101.102791 9
34.076893 -101.089294 9
