34.315334 -101.282959 1
34.330364 -101.247864 1
34.276573 -101.249001 1
34.277836 -101.192688 1
34.288166 -101.226364 1
34.332355 -101.226189 1
34.310863 -101.216118 1
34.337223 -101.266853 1
34.307514 -101.289444 1
34.318314 -101.227173 1
34.291874 -101.22995 1
34.346924 -101.243622 1
34.332363 -101.257858 1
34.298374 -101.252594 1
34.310875 -101.29348 1
34.301716 -101.225281 1
34.283596 -101.238289 1
34.344326 -101.230713 1
34.302914 -101.284363 1
34.309093 -101.29158 1
34.289673 -101.244362 1
34.287174 -101.19046 1
34.330555 -101.291374 1
34.275486 -101.23262 1
34.329445 -101.244751 1
34.310825 -101.271919 1
34.314365 -101.221352 1
34.323284 -101.231453 1
34.343185 -101.227875 1
34.313133 -101.246712 1
34.283894 -101.222733 1
34.306602 -101.264214 1
34.312973 -101.218529 1
34.317333 -101.255058 1
34.331142 -101.251389 1
34.328026 -101.282433 1
34.309944 -101.239799 1
34.331745 -101.293732 1
34.286095 -101.240379 1
34.346825 -101.276237 1
34.290924 -101.214554 1
34.302113 -101.200371 1
34.300705 -101.196274 1
34.299953 -101.255104 1
34.327946 -101.217812 1
34.302834 -101.257408 1
34.275333 -101.212753 1
34.326923 -101.27993 1
34.276855 -101.215973 1
34.287605 -101.210068 1
34.298515 -101.220268 1
34.328846 -101.222519 1
34.278553 -101.256851 1
34.345165 -101.233658 1
34.315063 -101.277534 1
34.306973 -101.23278 1
34.303944 -101.229408 1
34.281185 -101.201935 1
34.329113 -101.284935 1
34.320675 -101.261063 1
34.279465 -101.198563 1
34.278515 -101.218384 1
34.309032 -101.212662 1
34.323853 -101.265732 1
34.341896 -101.256363 1
34.294174 -101.217201 1
34.277153 -101.189194 1
34.346886 -101.263268 1
34.295563 -101.249481 1
34.324486 -101.234055 1
34.274555 -101.209412 1
34.293625 -101.232964 1
34.308815 -101.267929 1
34.305412 -101.286682 1
34.277332 -101.253632 1
34.293804 -101.247093 1
34.308506 -101.236252 1
34.330055 -101.288551 1
34.311413 -101.243423 1
34.285023 -101.206879 1
34.341393 -101.225349 1
34.300934 -101.282341 1
34.303925 -101.20488 1
34.281414 -101.220711 1
34.275272 -101.245949 1
34.331753 -101.254379 1
34.346684 -101.257729 1
34.325893 -101.237541 1
34.346123 -101.236832 1
34.335014 -101.263939 1
34.339516 -101.269653 1
34.278183 -101.236893 1
34.292004 -101.19825 1
34.306244 -101.208969 1
34.316505 -101.22364 1
34.327374 -101.270203 1
34.305325 -101.261002 1
34.274834 -101.229271 1
34.343983 -101.273369 1
34.299736 -101.279869 1
