33
80.0 103.0 0.13 1.715
4.0 0.89 119
4.5 0.9 194
5.0 0.87 288
5.5 0.83 406
6.0 0.81 539
6.5 0.8 692
7.0 0.8 861
7.5 0.8 1056
8.0 0.8 1258
8.5 0.76 1427
9.0 0.69 1536
9.5 0.59 1640
10.0 0.49 1682
10.5 0.41 1700
11.0 0.35 1714
11.5 0.3 1715
12.0 0.26 1715
12.5 0.23 1715
13.0 0.2 1715
13.5 0.18 1715
14.0 0.16 1715
14.5 0.14 1715
15.0 0.13 1715
15.5 0.12 1715
16.0 0.11 1715
16.5 0.1 1715
17.0 0.09 1715
17.5 0.08 1715
18.0 0.08 1715
18.5 0.07 1715
19.0 0.06 1715
19.5 0.06 1715
20.0 0.06 1715
