43
91.5 117.0 0.13 3.3
4.0 0.834 150
4.5 0.828 237
5.0 0.827 340
5.5 0.825 466
6.0 0.82 617
6.5 0.816 796
7.0 0.815 1006
7.5 0.804 1247
8.0 0.794 1522
8.5 0.796 1835
9.0 0.797 2181
9.5 0.78 2544
10.0 0.726 2875
10.5 0.641 3110
11.0 0.55 3237
11.5 0.466 3287
12.0 0.397 3298
12.5 0.343 3300
13.0 0.3 3300
13.5 0.266 3300
14.0 0.237 3300
14.5 0.212 3300
15.0 0.19 3300
15.5 0.172 3300
16.0 0.156 3300
16.5 0.142 3300
17.0 0.13 3300
17.5 0.119 3300
18.0 0.11 3300
18.5 0.102 3300
19.0 0.094 3300
19.5 0.087 3300
20.0 0.081 3300
20.5 0.076 3300
21.0 0.071 3300
21.5 0.067 3300
22.0 0.063 3300
22.5 0.059 3300
23.0 0.055 3300
23.5 0.052 3300
24.0 0.049 3300
24.5 0.047 3300
25.0 0.044 3300
