53
89.0 127.0 0.13 2.5026755852842806
4.0 0.87 194
4.5 0.85 301
5.0 0.83 429
5.5 0.8 583
6.0 0.79 761
6.5 0.79 971
7.0 0.79 1212
7.5 0.76 1474
8.0 0.73 1748
8.5 0.67 2010
9.0 0.61 2249
9.5 0.54 2437
10.0 0.48 2571
10.5 0.42 2662
11.0 0.37 2719
11.5 0.32 2725
12.0 0.28 2725
12.5 0.24 2704
13.0 0.21 2673
13.5 0.19 2636
14.0 0.16 2600
14.5 0.14 2571
15.0 0.13 2550
15.5 0.12 2537
16.0 0.1 2530
16.5 0.1 2527
17.0 0.09 2525
17.5 0.08 2524
18.0 0.08 2524
18.5 0.07 2524
19.0 0.07 2523
19.5 0.06 2523
20.0 0.06 2508
20.5 0.05 2454
21.0 0.05 2326
21.5 0.05 2157
22.0 0.04 1949
22.5 0.04 1200
23.0 0.03 1200
23.5 0.03 1200
24.0 0.02 1200
24.5 0.02 1200
25.0 0.02 1200
25.5 0.02 1200
26.0 0.02 1200
26.5 0.02 1200
27.0 0.02 1200
27.5 0.01 1200
28.0 0.01 1200
28.5 0.01 1200
29.0 0.01 1200
29.5 0.01 1200
30.0 0.01 1200
