43
92.0 116.0 0.13 3.0
4.0 0.846 126.0
4.5 0.838 218.0
5.0 0.834 330.0
5.5 0.827 464.0
6.0 0.808 610.0
6.5 0.808 795.0
7.0 0.814 1005.0
7.5 0.822 1265.0
8.0 0.828 1562.0
8.5 0.845 1923.0
9.0 0.836 2251.0
9.5 0.813 2574.0
10.0 0.827 2897.0
10.5 0.613 3000.0
11.0 0.494 3000.0
11.5 0.411 3000.0
12.0 0.352 3000.0
12.5 0.307 3000.0
13.0 0.271 3000.0
13.5 0.24 3000.0
14.0 0.214 3000.0
14.5 0.192 3000.0
15.0 0.173 3000.0
15.5 0.157 3000.0
16.0 0.143 3000.0
16.5 0.131 3000.0
17.0 0.12 3000.0
17.5 0.11 3000.0
18.0 0.102 3000.0
18.5 0.094 3000.0
19.0 0.087 3000.0
19.5 0.081 3000.0
20.0 0.076 3000.0
20.5 0.071 3000.0
21.0 0.066 3000.0
21.5 0.062 3000.0
22.0 0.058 3000.0
22.5 0.055 3000.0
23.0 0.052 3000.0
23.5 0.049 3000.0
24.0 0.046 3000.0
24.5 0.044 3000.0
25.0 0.042 3000.0
