33.509094 -98.541992 4
33.509792 -98.533394 4
33.506905 -98.559845 4
33.486595 -98.640289 4
33.533993 -98.528992 4
33.485493 -98.560493 4
33.535095 -98.522896 4
33.556095 -98.523788 4
33.490795 -98.57399 4
33.508759 -98.588821 4
33.468395 -98.56649 4
33.500294 -98.554489 4
33.480095 -98.635193 4
33.534595 -98.52639 4
33.485695 -98.564095 4
33.486794 -98.614594 4
33.48505 -98.594566 4
33.468994 -98.641891 4
33.476395 -98.611694 4
33.476192 -98.614395 4
33.467293 -98.575989 4
33.478493 -98.62149 4
33.509396 -98.593491 4
33.557495 -98.559593 4
33.483692 -98.657692 4
33.529995 -98.548195 4
33.475594 -98.645294 4
33.497993 -98.557091 4
33.477795 -98.625694 4
33.477795 -98.569992 4
33.478493 -98.63739 4
33.483894 -98.619095 4
33.529194 -98.556793 4
33.502644 -98.548447 4
33.547047 -98.54306 4
33.476192 -98.582588 4
33.482395 -98.60099 4
33.545692 -98.532692 4
33.483295 -98.65139 4
33.537292 -98.561493 4
33.533894 -98.517593 4
33.483494 -98.647789 4
33.480694 -98.604393 4
33.538094 -98.559189 4
33.547005 -98.540543 4
33.477993 -98.608589 4
33.500793 -98.590492 4
33.470795 -98.618195 4
33.492596 -98.550293 4
33.501293 -98.583389 4
33.541794 -98.545494 4
33.503994 -98.600891 4
33.505093 -98.566292 4
33.496796 -98.57029 4
33.496796 -98.563393 4
33.505295 -98.595993 4
33.482895 -98.633095 4
33.473194 -98.638596 4
33.542694 -98.528389 4
33.509731 -98.538658 4
33.477795 -98.573891 4
33.50214 -98.550972 4
33.554699 -98.526779 4
33.544193 -98.524292 4
33.503693 -98.598495 4
33.473995 -98.631195 4
33.486095 -98.60849 4
33.484695 -98.662292 4
33.487595 -98.56839 4
33.530293 -98.55249 4
33.509693 -98.556496 4
33.536694 -98.564194 4
33.502594 -98.545891 4
33.505592 -98.603691 4
33.545692 -98.535194 4
33.509792 -98.535995 4
33.493156 -98.577644 4
33.565594 -98.55719 4
33.506294 -98.563393 4
33.556393 -98.56179 4
33.496994 -98.56739 4
33.475796 -98.616989 4
33.541695 -98.548294 4
33.482796 -98.596992 4
33.467194 -98.573395 4
33.475594 -98.577789 4
33.529594 -98.560493 4
33.485092 -98.591888 4
33.490749 -98.547066 4
33.497295 -98.56089 4
33.486694 -98.556091 4
33.500843 -98.575356 4
33.471493 -98.622589 4
33.565975 -98.55455 4
33.531242 -98.545059 4
33.467594 -98.570694 4
33.503635 -98.580505 4
33.484295 -98.654991 4
33.484394 -98.645195 4
33.547592 -98.538094 4
33.511154 -98.475693 12
33.510086 -98.479004 12
33.503723 -98.538223 12
33.498783 -98.518234 12
33.504246 -98.490463 12
33.495163 -98.477531 12
33.503876 -98.534111 12
33.519993 -98.465691 12
33.504265 -98.493744 12
33.492123 -98.472778 12
33.483444 -98.499733 12
33.503624 -98.542152 12
33.506516 -98.513359 12
33.495052 -98.50647 12
33.481125 -98.506683 12
33.503204 -98.529114 12
33.504223 -98.487274 12
33.481064 -98.50325 12
33.519196 -98.468933 12
33.504204 -98.483971 12
33.494884 -98.480919 12
33.495163 -98.500114 12
33.506554 -98.517334 12
33.506493 -98.50985 12
33.485413 -98.49617 12
33.499863 -98.521782 12
33.502804 -98.525383 12
33.513794 -98.472649 12
