33.097393 -98.304794 1
33.066795 -98.296394 1
33.060894 -98.318893 1
33.058895 -98.374992 1
33.070793 -98.378494 1
33.063595 -98.308594 1
33.073093 -98.298988 1
33.073193 -98.296394 1
33.101894 -98.293594 1
33.059296 -98.331192 1
33.088093 -98.321594 1
33.064095 -98.29789 1
33.100292 -98.299194 1
33.059994 -98.305794 1
33.071896 -98.303192 1
33.104393 -98.297195 1
33.062794 -98.369392 1
33.061493 -98.387489 1
33.060696 -98.320892 1
33.062393 -98.311195 1
33.099396 -98.324089 1
33.056793 -98.325989 1
33.060493 -98.312592 1
33.067795 -98.302689 1
33.058792 -98.322891 1
33.057293 -98.375893 1
33.061493 -98.390793 1
33.065594 -98.327995 1
33.066795 -98.33519 1
33.072895 -98.294289 1
33.071293 -98.36039 1
33.055695 -98.376694 1
33.096092 -98.307594 1
33.092495 -98.324295 1
33.060493 -98.314896 1
33.068394 -98.305489 1
33.099594 -98.320389 1
33.051193 -98.381989 1
33.098495 -98.303093 1
33.092396 -98.327095 1
33.080994 -98.306091 1
33.070095 -98.380791 1
33.099594 -98.300995 1
33.060894 -98.316895 1
33.066494 -98.331192 1
33.069923 -98.362061 1
33.058994 -98.329391 1
33.101795 -98.297791 1
33.084995 -98.32589 1
33.081093 -98.302994 1
33.059395 -98.33329 1
33.056496 -98.323891 1
33.073303 -98.359444 1
33.068195 -98.309593 1
33.066296 -98.388596 1
33.053295 -98.379791 1
33.064495 -98.390793 1
33.066395 -98.294395 1
33.086395 -98.323296 1
33.067894 -98.386192 1
34.311993 -99.346596 2
34.314606 -99.394958 2
34.289993 -99.364792 2
34.285694 -99.406891 2
34.349396 -99.353394 2
34.254093 -99.43779 2
34.342693 -99.339592 2
34.258194 -99.43589 2
34.287495 -99.349289 2
34.286594 -99.402695 2
34.316532 -99.387535 2
34.297794 -99.361694 2
34.276295 -99.415894 2
34.287594 -99.341888 2
34.288795 -99.37149 2
34.298294 -99.36599 2
34.325893 -99.319595 2
34.324093 -99.321793 2
34.298695 -99.374794 2
34.277493 -99.408592 2
34.360992 -99.336891 2
34.284992 -99.410889 2
34.307594 -99.363396 2
34.298794 -99.398689 2
34.278393 -99.405495 2
34.284294 -99.414093 2
34.275696 -99.411995 2
34.286896 -99.345291 2
34.320793 -99.372391 2
34.289993 -99.37619 2
34.251896 -99.446091 2
34.354393 -99.341095 2
34.345295 -99.360489 2
34.316692 -99.33609 2
34.298492 -99.386292 2
34.298294 -99.378792 2
34.301395 -99.350189 2
34.319859 -99.375809 2
34.242893 -99.445793 2
34.327194 -99.386688 2
34.289696 -99.379395 2
34.340195 -99.348793 2
34.337395 -99.356392 2
34.348595 -99.389191 2
34.348793 -99.386292 2
34.350193 -99.349594 2
34.318878 -99.384506 2
34.285892 -99.395294 2
34.280895 -99.402596 2
34.352795 -99.346191 2
34.319294 -99.328194 2
34.287594 -99.386391 2
34.291393 -99.355293 2
34.300194 -99.353691 2
34.290794 -99.361694 2
34.326717 -99.36689 2
34.316994 -99.331696 2
34.357395 -99.338493 2
34.310394 -99.353088 2
34.343494 -99.380692 2
34.258095 -99.457695 2
34.327694 -99.315689 2
34.245094 -99.443291 2
34.299149 -99.357468 2
34.348694 -99.357193 2
34.289993 -99.383591 2
34.320194 -99.324394 2
34.291393 -99.35849 2
34.252995 -99.449989 2
34.296795 -99.395088 2
34.286694 -99.390892 2
34.289192 -99.368095 2
34.298893 -99.370689 2
34.298893 -99.383293 2
34.254894 -99.453995 2
34.341995 -99.34359 2
34.297993 -99.390388 2
34.269295 -99.438095 2
34.338696 -99.352196 2
34.312794 -99.342392 2
34.269794 -99.433189 2
34.326389 -99.390556 2
34.344894 -99.375389 2
34.319897 -99.380249 2
34.316093 -99.339989 2
34.223499 -99.447495 3
34.232559 -99.499046 3
34.22942 -99.457191 3
34.226379 -99.453262 3
34.205414 -99.478073 3
34.218746 -99.467285 3
34.214333 -99.481606 3
34.230389 -99.461578 3
34.267643 -99.451889 4
34.234859 -99.494881 3
34.236786 -99.482368 3
34.27042 -99.444443 4
34.220119 -99.500504 3
34.202614 -99.48243 3
34.228542 -99.492218 3
34.233349 -99.469254 3
34.267296 -99.461952 4
34.23724 -99.478096 3
34.229977 -99.465752 3
34.257103 -99.473083 3
34.247562 -99.480423 3
34.258778 -99.466621 3
34.22123 -99.495934 3
34.221874 -99.457024 3
34.231003 -99.503616 3
34.219543 -99.462555 3
34.218342 -99.486275 3
34.268261 -99.457481 4
34.204079 -99.567947 5
34.21484 -99.524742 4
34.189953 -99.583649 5
34.15604 -99.58873 5
34.178696 -99.516716 5
34.144577 -99.541481 5
34.202812 -99.577866 5
34.160938 -99.551315 5
34.241402 -99.545029 5
34.192474 -99.543289 5
34.124435 -99.552498 5
34.174782 -99.538933 5
34.123028 -99.564171 5
34.147926 -99.570564 5
34.162392 -99.580101 5
34.204082 -99.586456 5
34.195549 -99.5476 5
34.157211 -99.539558 4
34.211315 -99.537071 4
34.205559 -99.528877 5
34.203922 -99.57238 5
34.146626 -99.582321 5
34.169624 -99.587845 5
34.175354 -99.543175 5
34.16259 -99.545494 5
34.137177 -99.562378 5
34.130943 -99.571236 5
34.14291 -99.591255 5
34.215317 -99.533363 4
34.136303 -99.556763 5
34.123413 -99.558853 5
34.189938 -99.579231 5
34.173801 -99.550339 5
34.19006 -99.563873 5
34.205116 -99.5336 5
34.143288 -99.549171 5
34.124958 -99.544434 5
34.214493 -99.577866 5
34.189396 -99.556229 5
34.204102 -99.563263 5
34.179935 -99.508278 5
34.245003 -99.559937 5
34.243954 -99.553398 5
34.174274 -99.583084 5
34.214375 -99.572495 5
34.158478 -99.526932 5
34.241425 -99.537537 5
34.207947 -99.519058 5
34.151596 -99.516487 5
34.165924 -99.591751 5
34.145248 -99.535828 5
34.125889 -99.539505 5
34.161304 -99.531677 5
34.214874 -99.583603 5
34.190437 -99.569115 5
34.18124 -99.503006 5
34.227711 -99.559792 5
34.159973 -99.521553 5
34.157166 -99.555855 5
34.156483 -99.58371 5
34.215618 -99.546982 4
34.246395 -99.565369 5
34.126488 -99.535156 5
34.196556 -99.552544 5
34.146782 -99.5271 5
34.140533 -99.585808 5
34.225227 -99.56424 5
34.216228 -99.529213 4
34.136387 -99.567581 5
34.156879 -99.535385 5
34.230385 -99.550392 5
34.211159 -99.554253 5
34.215775 -99.542435 5
34.173256 -99.533318 5
34.144176 -99.522423 4
34.205158 -99.582184 4
34.188656 -99.573997 5
34.175934 -99.527054 5
34.145168 -99.531311 5
34.142448 -99.599281 5
34.175343 -99.578819 5
34.177402 -99.522667 5
33.509094 -98.541992 4
33.509792 -98.533394 4
33.506905 -98.559845 4
33.486595 -98.640289 4
33.533993 -98.528992 4
33.485493 -98.560493 4
33.535095 -98.522896 4
33.556095 -98.523788 4
33.490795 -98.57399 4
33.508759 -98.588821 4
33.468395 -98.56649 4
33.500294 -98.554489 4
33.480095 -98.635193 4
33.534595 -98.52639 4
33.485695 -98.564095 4
33.486794 -98.614594 4
33.48505 -98.594566 4
33.468994 -98.641891 4
33.476395 -98.611694 4
33.476192 -98.614395 4
33.467293 -98.575989 4
33.478493 -98.62149 4
33.509396 -98.593491 4
33.557495 -98.559593 4
33.483692 -98.657692 4
33.529995 -98.548195 4
33.475594 -98.645294 4
33.497993 -98.557091 4
33.477795 -98.625694 4
33.477795 -98.569992 4
33.478493 -98.63739 4
33.483894 -98.619095 4
33.529194 -98.556793 4
33.502644 -98.548447 4
33.547047 -98.54306 4
33.476192 -98.582588 4
33.482395 -98.60099 4
33.545692 -98.532692 4
33.483295 -98.65139 4
33.537292 -98.561493 4
33.533894 -98.517593 4
33.483494 -98.647789 4
33.480694 -98.604393 4
33.538094 -98.559189 4
33.547005 -98.540543 4
33.477993 -98.608589 4
33.500793 -98.590492 4
33.470795 -98.618195 4
33.492596 -98.550293 4
33.501293 -98.583389 4
33.541794 -98.545494 4
33.503994 -98.600891 4
33.505093 -98.566292 4
33.496796 -98.57029 4
33.496796 -98.563393 4
33.505295 -98.595993 4
33.482895 -98.633095 4
33.473194 -98.638596 4
33.542694 -98.528389 4
33.509731 -98.538658 4
33.477795 -98.573891 4
33.50214 -98.550972 4
33.554699 -98.526779 4
33.544193 -98.524292 4
33.503693 -98.598495 4
33.473995 -98.631195 4
33.486095 -98.60849 4
33.484695 -98.662292 4
33.487595 -98.56839 4
33.530293 -98.55249 4
33.509693 -98.556496 4
33.536694 -98.564194 4
33.502594 -98.545891 4
33.505592 -98.603691 4
33.545692 -98.535194 4
33.509792 -98.535995 4
33.493156 -98.577644 4
33.565594 -98.55719 4
33.506294 -98.563393 4
33.556393 -98.56179 4
33.496994 -98.56739 4
33.475796 -98.616989 4
33.541695 -98.548294 4
33.482796 -98.596992 4
33.467194 -98.573395 4
33.475594 -98.577789 4
33.529594 -98.560493 4
33.485092 -98.591888 4
33.490749 -98.547066 4
33.497295 -98.56089 4
33.486694 -98.556091 4
33.500843 -98.575356 4
33.471493 -98.622589 4
33.565975 -98.55455 4
33.531242 -98.545059 4
33.467594 -98.570694 4
33.503635 -98.580505 4
33.484295 -98.654991 4
33.484394 -98.645195 4
33.547592 -98.538094 4
33.747971 -99.775673 6
33.735027 -99.775398 6
33.73616 -99.787918 6
33.75827 -99.728851 7
33.736115 -99.795059 6
33.758354 -99.724792 7
33.735046 -99.771706 6
33.736919 -99.729973 7
33.757866 -99.736954 7
33.694027 -99.70813 6
33.693863 -99.71624 6
33.719147 -99.715736 6
33.693832 -99.721107 6
33.724346 -99.746857 6
33.758186 -99.73291 7
33.719318 -99.711685 6
33.745098 -99.69825 7
33.71949 -99.707634 6
33.720043 -99.736572 6
33.737766 -99.72094 7
33.747707 -99.77047 6
33.694111 -99.704079 6
33.721176 -99.761597 6
33.723633 -99.75444 6
33.736137 -99.791489 6
33.734993 -99.780754 6
33.754635 -99.795357 6
33.767441 -99.698219 7
33.724422 -99.743027 6
33.720509 -99.789917 6
33.745754 -99.753128 6
33.739765 -99.749565 7
33.719849 -99.694397 6
33.736282 -99.739105 6
33.718903 -99.76886 6
33.754677 -99.789154 6
33.718594 -99.772743 6
33.693947 -99.712189 6
33.719662 -99.703583 6
33.745941 -99.756691 6
33.722416 -99.757996 6
33.716133 -99.729698 6
33.747429 -99.779182 6
33.719776 -99.765114 6
33.758438 -99.720734 7
33.720535 -99.786026 6
33.737343 -99.725456 7
33.744701 -99.70797 7
33.694275 -99.695961 6
33.724266 -99.750687 6
33.718575 -99.776634 6
33.739372 -99.715767 7
33.719799 -99.79348 6
33.719765 -99.698456 6
33.754654 -99.792259 6
33.747791 -99.763916 6
33.74773 -99.766891 6
33.716183 -99.721169 6
33.770302 -99.69104 8
33.745022 -99.703926 7
33.768845 -99.69471 8
33.745121 -99.694191 7
33.747147 -99.782745 6
33.756683 -99.740761 7
33.71616 -99.725639 6
33.694191 -99.70002 6
33.736504 -99.734497 7
34.112381 -99.166756 9
34.094799 -99.112518 9
34.11425 -99.004875 9
34.066856 -99.022316 9
34.127327 -99.018265 9
34.132477 -99.097603 9
34.099163 -99.012589 9
34.113121 -99.135986 9
34.135162 -99.089577 9
34.154388 -99.099655 9
34.156338 -99.091492 9
34.105888 -99.07415 9
34.098423 -99.008636 9
34.097569 -99.00032 9
34.103298 -99.099022 9
34.1297 -99.009407 9
34.123905 -99.053223 9
34.112392 -99.158432 9
34.150967 -99.118645 9
34.100403 -99.089836 9
34.11322 -99.017654 9
34.134281 -99.093643 9
34.067711 -99.02655 9
34.157112 -99.083244 9
34.09993 -99.162224 9
34.108555 -99.123131 9
34.101887 -99.094543 9
34.065685 -99.018478 9
34.111858 -99.02623 9
34.156525 -99.078972 9
34.124786 -99.065437 9
34.131184 -99.005386 9
34.094933 -99.125847 9
34.124878 -99.061478 9
34.095814 -99.138435 9
34.07909 -99.045753 9
34.114521 -99.148651 9
34.097927 -99.107643 9
34.095249 -99.116798 9
34.125008 -99.069397 9
34.065163 -99.014359 9
34.126427 -99.026131 9
34.125599 -99.121231 9
34.107021 -99.064934 9
34.092743 -99.148453 9
34.100147 -99.04142 9
34.097404 -99.00444 9
34.113533 -99.009155 9
34.135971 -99.085739 9
34.113827 -99.140152 9
34.099091 -99.156868 9
34.109535 -99.104538 9
34.099098 -99.017662 9
34.151863 -99.103477 9
34.128708 -99.109367 9
34.112217 -99.11319 9
34.102699 -99.050514 9
34.127403 -99.113281 9
34.156525 -99.074844 9
34.096287 -99.120255 9
34.095177 -99.130318 9
34.124332 -99.073463 9
34.098286 -99.021782 9
34.112152 -99.022179 9
34.126423 -99.037682 9
34.130035 -99.105461 9
34.095478 -99.134323 9
34.15543 -99.09565 9
34.12394 -99.05719 9
34.152649 -99.115417 9
34.068302 -99.031006 9
34.079082 -99.054543 9
34.126423 -99.029976 9
34.097229 -99.02607 9
34.127102 -99.022331 9
34.111721 -99.030685 9
34.149723 -99.123222 9
34.093594 -99.152519 9
34.068089 -99.040504 9
34.098995 -99.037277 9
34.12458 -99.044563 9
34.126381 -99.117233 9
34.067741 -99.036095 9
34.157108 -99.087372 9
34.110912 -99.10907 9
34.109657 -99.118187 9
34.080921 -99.061768 9
34.111629 -99.130234 9
34.126423 -99.033829 9
34.102699 -99.045906 9
34.124699 -99.04882 9
34.09779 -99.030182 9
34.079926 -99.050285 9
34.127373 -99.014198 9
34.105888 -99.078468 9
34.113041 -99.013512 9
34.080044 -99.058281 9
34.112396 -99.154503 9
34.130959 -99.101463 9
34.10709 -99.069221 9
33.875668 -99.717888 5
33.91634 -99.736053 5
33.865578 -99.74604 5
33.863525 -99.71022 5
33.919712 -99.679146 5
33.894295 -99.794945 5
33.93874 -99.800919 5
33.934658 -99.666939 5
33.967957 -99.781197 5
33.893318 -99.726875 5
33.920952 -99.806107 5
33.9533 -99.763725 5
33.884048 -99.750984 5
33.921143 -99.76152 5
33.90617 -99.787743 5
33.934299 -99.778618 5
33.862865 -99.777359 5
33.902878 -99.782425 5
33.891846 -99.72187 5
33.875053 -99.798935 5
33.937881 -99.724869 5
33.938122 -99.732689 5
33.961548 -99.77858 5
33.875854 -99.711014 5
33.937546 -99.690964 5
33.906052 -99.760605 5
33.863052 -99.762115 5
33.907143 -99.716995 5
33.906368 -99.801155 5
33.938198 -99.738266 5
33.878994 -99.700371 5
33.932671 -99.660477 5
33.938297 -99.749153 5
33.937977 -99.719391 5
33.937302 -99.700851 5
33.938709 -99.796242 5
33.932491 -99.650841 5
33.935715 -99.678406 5
33.884594 -99.788765 5
33.919662 -99.662758 5
33.901207 -99.820831 5
33.950745 -99.725029 5
33.919731 -99.688774 5
33.901299 -99.683395 5
33.880482 -99.70443 5
33.906254 -99.771973 5
33.93829 -99.75415 5
33.861423 -99.718155 5
33.920856 -99.800919 5
33.938705 -99.790405 5
33.889427 -99.701202 5
33.871403 -99.790298 5
33.953342 -99.739914 5
33.905956 -99.755508 5
33.922981 -99.775681 5
33.891655 -99.716179 5
33.890614 -99.769783 5
33.906872 -99.726097 5
33.863514 -99.714561 5
33.884537 -99.784401 5
33.937366 -99.68589 5
33.866524 -99.741249 5
33.953152 -99.748589 5
33.905888 -99.747025 5
33.953335 -99.775024 5
33.953339 -99.770142 5
33.90723 -99.707855 5
33.908276 -99.70253 5
33.953262 -99.758858 5
33.919739 -99.693535 5
33.883812 -99.746468 5
33.86747 -99.736366 5
33.906132 -99.76561 5
33.890663 -99.706406 5
33.938229 -99.74408 5
33.935799 -99.673317 5
33.893082 -99.814491 5
33.890354 -99.774101 5
33.919636 -99.668297 5
33.901237 -99.679077 5
33.893406 -99.731117 5
33.88448 -99.78006 5
33.921139 -99.753159 5
33.920807 -99.796112 5
33.905815 -99.751266 5
33.861233 -99.726898 5
33.921021 -99.748413 5
33.862904 -99.781639 5
33.95396 -99.786552 5
33.868721 -99.754448 5
33.890366 -99.819481 5
33.920139 -99.711754 5
33.935421 -99.782547 5
33.883884 -99.756622 5
33.864857 -99.750038 5
33.920734 -99.791313 5
33.952545 -99.731232 5
33.90139 -99.687706 5
33.920292 -99.722687 5
33.92091 -99.743446 5
33.961559 -99.784569 5
33.901245 -99.674583 5
33.938404 -99.762138 5
33.920376 -99.717224 5
33.887543 -99.762787 5
33.953979 -99.791183 5
33.932636 -99.655647 5
33.894356 -99.79985 5
33.922974 -99.779625 5
33.906326 -99.792244 5
33.906609 -99.796837 5
33.937035 -99.695541 5
33.891518 -99.710831 5
33.906952 -99.721451 5
33.863464 -99.705879 5
33.874905 -99.722351 5
33.919827 -99.674126 5
33.922981 -99.784081 5
33.866543 -99.758934 5
33.953373 -99.735565 5
33.901482 -99.692177 5
33.953213 -99.754356 5
33.92297 -99.77076 5
33.919731 -99.698265 5
33.937309 -99.706085 5
33.899685 -99.824707 5
33.90152 -99.696754 5
33.861282 -99.722549 5
33.88385 -99.737892 5
33.894886 -99.738152 5
33.882275 -99.74176 5
33.921005 -99.810661 5
33.907234 -99.71241 5
33.856735 -99.731987 5
33.95311 -99.744225 5
33.90638 -99.73082 5
33.91972 -99.683998 5
33.919529 -99.728439 5
33.953407 -99.780182 5
33.670006 -99.349419 10
33.640293 -99.441582 10
33.620564 -99.398575 10
33.620934 -99.405624 10
33.640423 -99.44574 10
33.620544 -99.365814 10
33.620354 -99.39505 10
33.673412 -99.361938 10
33.648823 -99.419884 10
33.639954 -99.429611 10
33.620583 -99.376442 10
33.674656 -99.387833 10
33.620716 -99.4021 10
33.622253 -99.421974 10
33.670704 -99.342163 10
33.639484 -99.432838 10
33.640423 -99.456215 10
33.620502 -99.416862 10
33.622654 -99.35218 10
33.640553 -99.449181 10
33.673985 -99.368851 10
33.673515 -99.372314 10
33.640114 -99.460159 10
33.620205 -99.391312 10
33.673203 -99.375839 10
33.672955 -99.391251 10
33.640545 -99.452705 10
33.620354 -99.362335 10
33.650494 -99.409149 10
33.620335 -99.384003 10
33.620384 -99.387665 10
33.621014 -99.413132 10
33.650063 -99.412628 10
33.672935 -99.35495 10
33.620754 -99.372719 10
33.652122 -99.402245 10
33.672585 -99.379211 10
33.620914 -99.40921 10
33.651943 -99.405769 10
33.622192 -99.355675 10
33.675404 -99.38443 10
33.620575 -99.369263 10
33.673225 -99.358452 10
33.673634 -99.365402 10
33.670906 -99.33493 10
33.620403 -99.380219 10
33.649746 -99.416084 10
33.640205 -99.437843 10
33.670826 -99.338623 10
33.670704 -99.345734 10
33.676735 -99.518654 10
33.671974 -99.542404 10
33.671185 -99.556114 10
33.633793 -99.496902 10
33.636745 -99.46888 10
33.671185 -99.549232 10
33.671574 -99.545815 10
33.635544 -99.535072 10
33.633514 -99.500404 10
33.664803 -99.494484 10
33.634083 -99.489883 10
33.676785 -99.525215 10
33.660664 -99.568672 10
33.636375 -99.545273 10
33.664783 -99.49118 10
33.634155 -99.479424 10
33.658661 -99.575821 10
33.670685 -99.552689 10
33.633335 -99.503822 10
33.636295 -99.472404 10
33.665146 -99.484512 10
33.676983 -99.521942 10
33.635464 -99.531639 10
33.634624 -99.52459 10
33.676773 -99.508286 10
33.660744 -99.565208 10
33.633434 -99.507324 10
33.634212 -99.521149 10
33.634235 -99.48642 10
33.675526 -99.528481 10
33.635025 -99.528152 10
33.633923 -99.493408 10
33.634132 -99.475899 10
33.675304 -99.53167 10
33.660385 -99.572113 10
33.633995 -99.517693 10
33.633724 -99.514259 10
33.635773 -99.538445 10
33.678215 -99.5121 10
33.664856 -99.49778 10
33.664642 -99.487831 10
33.634186 -99.482903 10
33.63866 -99.462944 10
33.675495 -99.535469 10
33.633575 -99.51075 10
33.678303 -99.515404 10
33.661171 -99.560036 10
33.675335 -99.538635 10
33.664936 -99.501083 10
33.636185 -99.54184 10
33.409241 -99.543587 9
33.390999 -99.552345 9
33.368397 -99.561073 9
33.406086 -99.508995 9
33.403797 -99.501831 9
33.365692 -99.550148 9
33.357658 -99.531067 9
33.325527 -99.495644 9
33.337231 -99.541908 9
33.309589 -99.556679 9
33.353405 -99.501854 9
33.357716 -99.484741 9
33.391808 -99.559875 9
33.386051 -99.575974 9
33.36607 -99.567772 9
33.425632 -99.528091 9
33.387196 -99.572327 9
33.328587 -99.505798 9
33.393002 -99.567093 9
33.335388 -99.529808 9
33.366714 -99.553757 9
33.361671 -99.542114 9
33.364048 -99.546761 9
33.31073 -99.587608 9
33.309486 -99.560532 9
33.310749 -99.583321 9
33.312359 -99.590851 9
33.306175 -99.515823 9
33.355347 -99.523857 9
33.356461 -99.527458 9
33.392284 -99.563644 9
33.406006 -99.528107 9
33.312897 -99.605888 9
33.31295 -99.594559 9
33.332218 -99.51783 9
33.38858 -99.535126 9
33.358494 -99.490578 9
33.333366 -99.521973 9
33.337212 -99.546486 9
33.312542 -99.613518 9
33.305763 -99.534698 9
33.408051 -99.547348 9
33.367233 -99.579071 9
33.358955 -99.534569 9
33.336002 -99.533752 9
33.33054 -99.513962 9
33.367214 -99.583069 9
33.30975 -99.565689 9
33.408035 -99.55127 9
33.379288 -99.519966 9
33.406891 -99.532364 9
33.353359 -99.51342 9
33.406044 -99.519432 9
33.367252 -99.575203 9
33.390141 -99.548668 9
33.309135 -99.547859 9
33.356247 -99.4757 9
33.381569 -99.579758 9
33.406071 -99.512871 9
33.325356 -99.491203 9
33.367359 -99.571342 9
33.309731 -99.570206 9
33.354462 -99.520088 9
33.40926 -99.539719 9
33.409275 -99.535904 9
33.305679 -99.511711 9
33.38924 -99.538895 9
33.312931 -99.598373 9
33.402035 -99.498596 9
33.329628 -99.509956 9
33.326511 -99.500031 9
33.30957 -99.551727 9
33.353378 -99.509605 9
33.390739 -99.556267 9
33.337193 -99.550392 9
33.308361 -99.543068 9
33.380569 -99.523987 9
33.307178 -99.539024 9
33.33445 -99.525864 9
33.356754 -99.4804 9
33.3881 -99.531364 9
33.405209 -99.50528 9
33.381325 -99.583519 9
33.367058 -99.557465 9
33.312519 -99.60968 9
33.312916 -99.602135 9
33.428852 -99.524406 9
33.35339 -99.505676 9
33.309711 -99.574181 9
33.304447 -99.530365 9
33.306881 -99.519753 9
33.360065 -99.538231 9
33.429409 -99.520485 9
33.425617 -99.532021 9
33.406025 -99.523727 9
33.312481 -99.617325 9
33.381733 -99.528084 9
33.381302 -99.587761 9
33.400196 -99.495201 9
33.336597 -99.537773 9
33.163223 -98.143768 11
33.157215 -98.186935 11
33.188213 -98.171005 11
33.143063 -98.180931 11
33.111176 -98.165085 11
33.142956 -98.184151 11
33.165054 -98.151421 11
33.125576 -98.15329 11
33.140274 -98.1427 11
33.140034 -98.145905 11
33.173893 -98.176781 11
33.189995 -98.177711 11
33.125095 -98.156464 11
33.173176 -98.173683 11
33.153114 -98.155113 11
33.140064 -98.15155 11
33.178352 -98.187782 11
33.189926 -98.181862 11
33.152412 -98.127151 11
33.153145 -98.14798 11
33.165375 -98.154671 11
33.123463 -98.170914 11
33.139774 -98.157951 11
33.126705 -98.147041 11
33.112133 -98.155884 11
33.123531 -98.174141 11
33.174755 -98.179832 11
33.123962 -98.162735 11
33.159363 -98.175835 11
33.139614 -98.161171 11
33.142006 -98.170143 11
33.123554 -98.165901 11
33.153355 -98.151932 11
33.175575 -98.184204 11
33.157433 -98.19014 11
33.140903 -98.139572 11
33.142056 -98.17334 11
33.178234 -98.190994 11
33.158092 -98.195465 11
33.142273 -98.177238 11
33.112453 -98.149452 11
33.189556 -98.185074 11
33.152405 -98.130699 11
33.152546 -98.143814 11
33.188435 -98.174202 11
33.158165 -98.179459 11
33.141434 -98.136299 11
33.112705 -98.15274 11
33.126404 -98.15023 11
33.112762 -98.1707 11
33.140774 -98.15477 11
33.111725 -98.161919 11
33.157135 -98.183723 11
33.163383 -98.14698 11
33.140083 -98.164375 11
34.097202 -99.260307 5
34.112663 -99.265266 5
34.071915 -99.279449 5
34.08419 -99.215714 5
34.020576 -99.325851 5
34.09547 -99.210823 5
34.113468 -99.260849 5
34.041462 -99.292953 5
34.022934 -99.304192 5
34.082237 -99.233009 5
34.083344 -99.219795 5
34.098656 -99.251984 5
34.097507 -99.204033 5
34.122055 -99.199074 5
34.038445 -99.297157 5
34.087112 -99.198792 5
34.113235 -99.242928 5
34.104004 -99.195206 5
34.1049 -99.190903 5
34.018921 -99.33445 5
34.081715 -99.228615 5
34.1059 -99.1866 5
34.022434 -99.308174 5
34.054565 -99.292236 5
34.07233 -99.275116 5
34.097069 -99.26429 5
34.097111 -99.225471 5
34.094715 -99.214806 5
34.103115 -99.180214 5
34.115166 -99.251801 5
34.058315 -99.271713 5
34.121258 -99.212311 5
34.107899 -99.213593 5
34.073151 -99.27095 5
34.021496 -99.312195 5
34.111092 -99.273727 5
34.130756 -99.226265 5
34.019737 -99.330177 5
34.107933 -99.217499 5
34.036095 -99.309875 5
34.102818 -99.17569 5
34.130032 -99.232254 5
34.097935 -99.221375 5
34.097813 -99.255913 5
34.058437 -99.275818 5
34.021465 -99.317184 5
34.079346 -99.245277 5
34.042431 -99.280655 5
34.12011 -99.208168 5
34.107994 -99.209694 5
34.062653 -99.263527 5
34.03455 -99.314041 5
34.03754 -99.301422 5
34.021282 -99.321541 5
34.055885 -99.288391 5
34.056751 -99.284172 5
34.101215 -99.239937 5
34.083199 -99.20665 5
34.036423 -99.305298 5
34.121967 -99.190956 5
34.073746 -99.266937 5
34.099537 -99.247887 5
34.04327 -99.276016 5
34.058258 -99.267662 5
34.082535 -99.224236 5
34.111874 -99.269562 5
34.084106 -99.20237 5
34.120396 -99.203857 5
34.104267 -99.1996 5
34.100384 -99.243958 5
34.082287 -99.21093 5
34.082035 -99.237038 5
34.080246 -99.241142 5
34.057598 -99.279945 5
33.215195 -98.453293 1
33.219395 -98.409195 1
33.182693 -98.315689 1
33.218292 -98.416595 1
33.189896 -98.335091 1
33.198395 -98.30349 1
33.179493 -98.384689 1
33.214294 -98.431892 1
33.189793 -98.360893 1
33.217194 -98.445389 1
33.186195 -98.319092 1
33.193893 -98.347595 1
33.189594 -98.357994 1
33.212494 -98.435188 1
33.177692 -98.327293 1
33.193394 -98.283989 1
33.181694 -98.312492 1
33.181892 -98.336792 1
33.205795 -98.365089 1
33.183495 -98.363693 1
33.211292 -98.359795 1
33.179394 -98.387489 1
33.191193 -98.27639 1
33.195595 -98.416695 1
33.198593 -98.310493 1
33.193092 -98.281494 1
33.215893 -98.418991 1
33.216293 -98.457092 1
33.222393 -98.336693 1
33.200294 -98.41909 1
33.190094 -98.307892 1
33.218193 -98.341995 1
33.179695 -98.390388 1
33.210793 -98.35569 1
33.192593 -98.341995 1
33.216595 -98.461693 1
33.196896 -98.420692 1
33.217194 -98.448891 1
33.177593 -98.323189 1
33.191193 -98.310692 1
33.189095 -98.329292 1
33.220093 -98.33979 1
33.208393 -98.362495 1
33.193596 -98.424294 1
33.215893 -98.428589 1
33.201393 -98.42289 1
33.179893 -98.348892 1
33.216892 -98.426193 1
33.211292 -98.439491 1
33.205795 -98.372292 1
33.192196 -98.351089 1
33.188595 -98.331993 1
33.179695 -98.33049 1
33.190796 -98.318489 1
33.197895 -98.321495 1
33.181496 -98.333893 1
33.180492 -98.343689 1
33.197395 -98.363594 1
33.208096 -98.409691 1
33.216595 -98.464088 1
33.186993 -98.322495 1
33.196293 -98.323891 1
33.181496 -98.339592 1
33.200893 -98.315491 1
33.192894 -98.305992 1
33.185593 -98.36969 1
33.178696 -98.370995 1
33.198795 -98.318489 1
33.217194 -98.441391 1
33.188995 -98.279289 1
33.219994 -98.412788 1
33.193394 -98.274292 1
33.187195 -98.325294 1
33.191296 -98.315392 1
33.217094 -98.422089 1
33.575943 -99.206848 5
33.592297 -99.187454 5
33.56168 -99.207542 5
33.568832 -99.191986 5
33.571739 -99.178078 5
33.582092 -99.19976 5
33.571438 -99.213951 5
33.597637 -99.182297 5
33.587646 -99.192375 5
33.599117 -99.17672 5
33.559711 -99.20076 5
33.569702 -99.183075 5
33.467216 -98.393219 4
33.513271 -98.337723 4
33.485443 -98.362343 4
33.497768 -98.375343 4
33.537056 -98.377205 4
33.498669 -98.372627 4
33.534714 -98.346664 4
33.49844 -98.354065 4
33.479435 -98.414436 4
33.477772 -98.389458 4
33.507771 -98.395554 4
33.505299 -98.335571 4
33.519444 -98.376915 4
33.477783 -98.392799 4
33.528324 -98.36972 4
33.483322 -98.371689 4
33.512535 -98.340294 4
33.49472 -98.410835 4
33.49807 -98.389175 4
33.469753 -98.382362 4
33.524166 -98.345833 4
33.528885 -98.37722 4
33.528885 -98.383881 4
33.524307 -98.332848 4
33.515545 -98.396378 4
33.509186 -98.368896 4
33.533863 -98.353432 4
33.46727 -98.390549 4
33.528885 -98.380554 4
33.48624 -98.390442 4
33.472214 -98.377136 4
33.509438 -98.349442 4
33.508438 -98.382507 4
33.485855 -98.366104 4
33.508911 -98.375557 4
33.51939 -98.380287 4
33.497768 -98.369438 4
33.524715 -98.342773 4
33.518883 -98.389717 4
33.500103 -98.341965 4
33.521397 -98.35862 4
33.499989 -98.347214 4
33.533604 -98.325554 4
33.497807 -98.366104 4
33.531502 -98.359802 4
33.498482 -98.362801 4
33.477493 -98.403328 4
33.509159 -98.362221 4
33.519165 -98.386673 4
33.519165 -98.383064 4
33.468082 -98.384445 4
33.529095 -98.363106 4
33.499435 -98.359161 4
33.477829 -98.406761 4
33.537125 -98.384026 4
33.50531 -98.332657 4
33.497784 -98.407944 4
33.510773 -98.343346 4
33.497768 -98.395554 4
33.525208 -98.335556 4
33.477764 -98.386711 4
33.520824 -98.362572 4
33.487919 -98.408638 4
33.497787 -98.400696 4
33.533886 -98.343056 4
33.528984 -98.389809 4
33.508347 -98.389168 4
33.497799 -98.386726 4
33.535133 -98.331383 4
33.523056 -98.352493 4
33.508926 -98.372231 4
33.508327 -98.385941 4
33.534714 -98.32888 4
33.519714 -98.365829 4
33.537094 -98.380531 4
33.523613 -98.349167 4
33.486122 -98.386948 4
33.487087 -98.402252 4
33.522213 -98.355553 4
33.534714 -98.338882 4
33.532696 -98.356926 4
33.484158 -98.368881 4
33.528885 -98.38694 4
33.528324 -98.393463 4
33.506676 -98.399742 4
33.509159 -98.365555 4
33.537125 -98.387375 4
33.49807 -98.392509 4
33.471687 -98.379738 4
33.500107 -98.344444 4
33.508797 -98.378609 4
33.498421 -98.404434 4
33.498356 -98.351395 4
33.501694 -98.338348 4
33.479435 -98.411659 4
33.525272 -98.339439 4
33.50668 -98.403343 4
33.506634 -98.407211 4
33.515556 -98.399727 4
33.467323 -98.387779 4
33.508602 -98.355827 4
33.508343 -98.352524 4
33.508892 -98.359184 4
33.485729 -98.399223 4
33.510311 -98.346405 4
33.477501 -98.399185 4
33.524433 -98.329445 4
33.523048 -98.325829 4
33.519436 -98.369164 4
33.477749 -98.395882 4
33.528355 -98.373634 4
33.48777 -98.405273 4
33.519562 -98.373802 4
33.518608 -98.393333 4
33.535824 -98.335274 4
33.534721 -98.350281 4
33.508373 -98.392288 4
33.529373 -98.366379 4
33.486656 -98.411423 4
33.440495 -98.67849 7
33.359592 -98.644592 7
33.364193 -98.688889 7
33.446194 -98.717392 7
33.379795 -98.641594 7
33.378296 -98.652489 7
33.431892 -98.672089 7
33.380394 -98.645691 7
33.404694 -98.717995 7
33.414593 -98.643394 7
33.427593 -98.724892 7
33.433292 -98.717491 7
33.366795 -98.658691 7
33.439293 -98.683495 7
33.440994 -98.731392 7
33.433292 -98.714294 7
33.408592 -98.659988 7
33.366695 -98.619095 7
33.401394 -98.699295 7
33.360394 -98.640991 7
33.409595 -98.664192 7
33.366695 -98.623291 7
33.417995 -98.652489 7
33.406193 -98.653191 7
33.422794 -98.630791 7
33.440594 -98.73629 7
33.391994 -98.654289 7
33.359295 -98.65239 7
33.380093 -98.606895 7
33.364994 -98.611092 7
33.402096 -98.709991 7
33.433193 -98.707893 7
33.449593 -98.762894 7
33.446396 -98.713989 7
33.438293 -98.694595 7
33.363792 -98.692696 7
33.398682 -98.69059 7
33.364693 -98.626694 7
33.366695 -98.601295 7
33.428394 -98.721596 7
33.399395 -98.675896 7
33.416294 -98.647789 7
33.405994 -98.714195 7
33.394093 -98.62709 7
33.431595 -98.668892 7
33.366894 -98.701988 7
33.430893 -98.739395 7
33.409492 -98.667595 7
33.408794 -98.656792 7
33.422794 -98.702789 7
33.366695 -98.604591 7
33.427494 -98.730293 7
33.428894 -98.734695 7
33.440895 -98.727692 7
33.418293 -98.608192 7
33.364594 -98.68589 7
33.398994 -98.68679 7
33.425095 -98.682793 7
33.365692 -98.681496 7
33.400894 -98.706291 7
33.424393 -98.690193 7
33.419193 -98.60379 7
33.440193 -98.673988 7
33.423893 -98.698395 7
33.433193 -98.710991 7
33.401196 -98.695694 7
33.428894 -98.758789 7
33.401695 -98.70269 7
33.398895 -98.672295 7
33.423195 -98.633888 7
33.363895 -98.674294 7
33.398693 -98.67939 7
33.424095 -98.638596 7
33.366592 -98.662491 7
33.430893 -98.742889 7
33.424194 -98.694595 7
33.365795 -98.666595 7
33.440994 -98.723793 7
33.424595 -98.686691 7
33.391895 -98.650993 7
33.398792 -98.682991 7
33.365192 -98.614594 7
33.450195 -98.758293 7
33.364094 -98.678192 7
33.428993 -98.763191 7
33.366196 -98.69799 7
33.364395 -98.670189 7
33.429993 -98.746796 7
33.359196 -98.648193 7
33.441093 -98.669991 7
33.349777 -99.619682 3
33.349407 -99.653168 3
33.391129 -99.687363 3
33.316448 -99.636322 3
33.334206 -99.63195 3
33.349476 -99.639328 3
33.328938 -99.615547 3
33.393627 -99.717651 3
33.381115 -99.606964 3
33.380627 -99.693871 3
33.334465 -99.62793 3
33.378773 -99.619637 3
33.391323 -99.678345 3
33.31662 -99.644371 3
33.315495 -99.624306 3
33.27866 -99.634537 3
33.394505 -99.695694 3
33.333874 -99.636642 3
33.394642 -99.722794 3
33.333958 -99.649017 3
33.316097 -99.628494 3
33.284496 -99.673882 3
33.390331 -99.6269 3
33.278328 -99.620201 3
33.349358 -99.643402 3
33.375851 -99.632973 3
33.329975 -99.619606 3
33.3498 -99.61573 3
33.331467 -99.661194 3
33.349831 -99.623642 3
33.375629 -99.629066 3
33.375305 -99.624969 3
33.349895 -99.599625 3
33.316692 -99.648293 3
33.390072 -99.613953 3
33.39016 -99.630859 3
33.349953 -99.607613 3
33.379524 -99.611237 3
33.298298 -99.657539 3
33.278679 -99.630775 3
33.334064 -99.645195 3
33.317287 -99.661354 3
33.38044 -99.689934 3
33.379894 -99.686447 3
33.389217 -99.640465 3
33.389542 -99.636063 3
33.376495 -99.64019 3
33.3494 -99.635384 3
33.379932 -99.681778 3
33.349373 -99.649147 3
33.33239 -99.657173 3
33.332981 -99.62365 3
33.380043 -99.677094 3
33.316582 -99.652321 3
33.31712 -99.656418 3
33.299702 -99.661751 3
33.390423 -99.622849 3
33.330292 -99.665138 3
33.301029 -99.673561 3
33.328156 -99.607384 3
33.316196 -99.632889 3
33.392368 -99.605492 3
33.278641 -99.638298 3
33.393829 -99.710449 3
33.284729 -99.681305 3
33.284912 -99.646889 3
33.284122 -99.666214 3
33.284981 -99.650642 3
33.284218 -99.669983 3
33.316429 -99.640297 3
33.284573 -99.662514 3
33.317177 -99.66507 3
33.285126 -99.658157 3
33.349384 -99.657188 3
33.333843 -99.64135 3
33.278614 -99.626266 3
33.333046 -99.653229 3
33.297935 -99.648689 3
33.284569 -99.67765 3
33.300194 -99.665703 3
33.284885 -99.64312 3
33.349823 -99.631355 3
33.285053 -99.654396 3
33.380604 -99.697739 3
33.300785 -99.669647 3
33.328365 -99.611313 3
33.349857 -99.603561 3
33.34996 -99.627609 3
33.39283 -99.601181 3
33.37891 -99.61525 3
33.296856 -99.653229 3
33.376667 -99.636169 3
33.390083 -99.60965 3
33.349865 -99.611649 3
33.394081 -99.699493 3
33.391235 -99.682335 3
33.390991 -99.691689 3
33.390404 -99.618256 3
33.29845 -99.644989 3
33.393688 -99.713943 3
33.511154 -98.475693 12
33.510086 -98.479004 12
33.503723 -98.538223 12
33.498783 -98.518234 12
33.504246 -98.490463 12
33.495163 -98.477531 12
33.503876 -98.534111 12
33.519993 -98.465691 12
33.504265 -98.493744 12
33.492123 -98.472778 12
33.483444 -98.499733 12
33.503624 -98.542152 12
33.506516 -98.513359 12
33.495052 -98.50647 12
33.481125 -98.506683 12
33.503204 -98.529114 12
33.504223 -98.487274 12
33.481064 -98.50325 12
33.519196 -98.468933 12
33.504204 -98.483971 12
33.494884 -98.480919 12
33.495163 -98.500114 12
33.506554 -98.517334 12
33.506493 -98.50985 12
33.485413 -98.49617 12
33.499863 -98.521782 12
33.502804 -98.525383 12
33.513794 -98.472649 12
