32
90.0 116.0 0.13 2.5
4.0 0.89 185.0
4.5 0.87 276.0
5.0 0.85 389.0
5.5 0.84 537.0
6.0 0.84 695.0
6.5 0.83 873.0
7.0 0.83 1080.0
7.5 0.82 1301.0
8.0 0.79 1531.0
8.5 0.74 1757.0
9.0 0.68 1948.0
9.5 0.61 2142.0
10.0 0.54 2279.0
10.5 0.48 2372.0
11.0 0.42 2432.0
11.5 0.36 2483.0
12.0 0.31 2500.0
12.5 0.27 2500.0
13.0 0.24 2500.0
13.5 0.22 2500.0
14.0 0.19 2500.0
14.5 0.17 2500.0
15.0 0.16 2500.0
15.5 0.14 2500.0
16.0 0.13 2500.0
16.5 0.12 2500.0
17.0 0.11 2500.0
17.5 0.1 2500.0
18.0 0.09 2500.0
18.5 0.09 2500.0
19.0 0.08 2500.0
19.5 0.08 2500.0
