45
108.0 149.0 0.13 4.8
4.0 0.817 247
4.5 0.808 400
5.0 0.8 584
5.5 0.794 800
6.0 0.791 1054
6.5 0.789 1349
7.0 0.788 1691
7.5 0.785 2083
8.0 0.766 2527
8.5 0.727 3027
9.0 0.679 3511
9.5 0.627 3879
10.0 0.574 4123
10.5 0.521 4253
11.0 0.469 4280
11.5 0.419 4280
12.0 0.37 4280
12.5 0.324 4280
13.0 0.283 4280
13.5 0.249 4280
14.0 0.22 4280
14.5 0.196 4280
15.0 0.177 4280
15.5 0.16 4280
16.0 0.145 4280
16.5 0.132 4280
17.0 0.122 4280
17.5 0.113 4280
18.0 0.105 4280
18.5 0.099 4280
19.0 0.093 4280
19.5 0.089 4280
20.0 0.085 4280
20.5 0.078 4280
21.0 0.071 4238
21.5 0.064 4129
22.0 0.058 3951
22.5 0.052 3776
23.0 0.046 3600
23.5 0.041 3420
24.0 0.037 3245
24.5 0.034 3065
25.0 0.031 2885
25.5 0.027 2705
26.0 0.025 2529
