36.27821 -97.535141 1
36.329086 -97.539047 2
36.255135 -97.526337 1
36.233299 -97.520897 1
36.327263 -97.545219 2
36.26622 -97.530708 1
36.277966 -97.530518 1
36.313305 -97.525116 1
36.342121 -97.53923 2
36.335072 -97.503601 1
36.262295 -97.521194 2
36.336945 -97.628143 1
36.323586 -97.646835 1
36.28714 -97.52285 2
36.255535 -97.53981 1
36.301357 -97.525169 1
36.330044 -97.528496 1
36.270134 -97.53968 1
36.269688 -97.534821 1
36.293278 -97.526085 2
36.30751 -97.527283 1
36.323952 -97.525566 2
36.278843 -97.539841 1
36.256905 -97.507904 1
36.33419 -97.54805 2
36.334202 -97.498894 1
36.352558 -97.530136 2
36.312836 -97.521767 1
36.359165 -97.52594 2
36.338081 -97.641617 2
36.300163 -97.535095 2
36.341751 -97.619492 1
36.324238 -97.552521 2
36.338184 -97.528709 2
36.343063 -97.51635 2
36.287582 -97.52829 2
36.351891 -97.518478 2
36.334435 -97.561783 2
36.324726 -97.530754 2
36.335232 -97.516891 2
36.337944 -97.600105 2
36.335201 -97.573822 2
36.268726 -97.513176 1
36.32338 -97.629677 1
36.233276 -97.516998 1
36.334728 -97.544456 2
36.322308 -97.610458 1
36.345432 -97.615379 1
36.255791 -97.511452 1
36.336399 -97.612282 1
36.286774 -97.509247 2
36.301064 -97.516853 2
36.335072 -97.512459 1
36.28199 -97.548828 1
36.241096 -97.5205 1
36.292652 -97.518875 2
36.335121 -97.577766 2
36.345322 -97.64267 1
36.337055 -97.520454 1
36.350929 -97.629967 1
36.349106 -97.634338 1
36.34853 -97.637787 1
36.299545 -97.539902 2
36.295757 -97.530884 2
36.342945 -97.646858 2
36.364464 -97.516495 2
36.273468 -97.528328 1
36.363419 -97.52079 2
36.334824 -97.646584 1
36.342777 -97.591728 1
36.294983 -97.507896 2
36.266785 -97.525436 1
36.337933 -97.524193 2
36.276527 -97.547333 1
36.266041 -97.517433 2
36.298641 -97.522171 2
36.291168 -97.536842 2
36.345455 -97.534729 2
36.321213 -97.634979 1
36.344391 -97.520111 2
36.337666 -97.507942 2
36.270103 -97.509666 1
36.255924 -97.530746 1
36.330975 -97.590797 1
36.328815 -97.632828 1
36.294884 -97.512787 1
36.265926 -97.601158 1
36.280651 -97.544273 1
36.338253 -97.570381 2
36.258667 -97.535805 1
36.257854 -97.544434 1
36.344193 -97.543747 2
36.294113 -97.610939 1
36.321609 -97.615082 1
36.35276 -97.525612 2
36.343521 -97.580002 2
36.281479 -97.570885 1
36.336594 -97.595436 2
36.338192 -97.608925 1
36.330929 -97.642059 1
36.263378 -97.507103 1
36.305908 -97.522255 1
36.349052 -97.522408 1
36.247559 -97.545029 1
36.308372 -97.517403 1
36.323929 -97.55761 2
36.357075 -97.633957 1
36.31636 -97.516846 1
36.321609 -97.641922 1
36.848595 -97.449295 5
36.862995 -97.437096 5
36.843494 -97.389191 5
36.852695 -97.395088 5
36.841694 -97.400093 5
36.864594 -97.414291 5
36.851593 -97.437988 5
36.862995 -97.448891 5
36.826996 -97.412491 5
36.864594 -97.425095 5
36.862995 -97.454788 5
36.847294 -97.40519 5
36.862995 -97.460495 5
36.829895 -97.423294 5
36.862995 -97.44249 5
36.848595 -97.460495 5
36.848595 -97.454788 5
36.844494 -97.412788 5
36.864594 -97.431595 5
36.848694 -97.443192 5
36.841793 -97.394089 5
36.852695 -97.432991 5
36.826893 -97.417595 5
36.864594 -97.419693 5
36.852592 -97.399994 5
36.844494 -97.418594 5
36.456234 -97.629494 1
36.437542 -97.690102 1
36.445225 -97.73452 1
36.452202 -97.68261 1
36.459785 -97.744835 1
36.438942 -97.7146 1
36.459805 -97.740379 1
36.437016 -97.620209 1
36.442402 -97.65033 1
36.447052 -97.688644 1
36.451622 -97.624077 1
36.455982 -97.649254 1
36.445244 -97.691605 1
36.436382 -97.644882 1
36.450695 -97.632835 1
36.446133 -97.620224 1
36.459545 -97.748993 1
36.459343 -97.731674 1
36.437443 -97.629509 1
36.459175 -97.703102 1
36.442753 -97.739235 1
36.443325 -97.695351 1
36.449562 -97.627342 1
36.444595 -97.706535 1
36.458122 -97.6996 1
36.459232 -97.735939 1
36.457054 -97.69577 1
36.443935 -97.646805 1
36.451523 -97.70932 1
36.446613 -97.614731 1
36.452744 -97.67791 1
36.443275 -97.643272 1
36.458385 -97.670105 1
36.431114 -97.626839 1
36.453934 -97.718071 1
36.457584 -97.64315 1
36.441895 -97.606979 1
36.443325 -97.699379 1
36.452763 -97.713654 1
36.45401 -97.638405 1
36.445034 -97.725212 1
36.456825 -97.654411 1
36.441883 -97.669075 1
36.452023 -97.669121 1
36.439404 -97.743805 1
36.437183 -97.615761 1
36.457485 -97.726425 1
36.440201 -97.673409 1
36.441963 -97.611565 1
36.44426 -97.637047 1
36.437752 -97.697533 1
36.442745 -97.664749 1
36.437233 -97.624794 1
36.438583 -97.718636 1
36.453156 -97.673264 1
36.435524 -97.686302 1
36.453964 -97.665131 1
36.598194 -97.625793 1
36.587494 -97.760796 1
36.587894 -97.590294 1
36.580093 -97.735191 1
36.594894 -97.751495 1
36.596294 -97.759193 1
36.581295 -97.624092 1
36.603195 -97.636192 1
36.585995 -97.598495 1
36.573795 -97.64949 1
36.586693 -97.723694 1
36.581894 -97.627991 1
36.552094 -97.734093 1
36.590996 -97.535194 1
36.586994 -97.719994 1
36.595093 -97.755493 1
36.596092 -97.762993 1
36.558994 -97.788795 1
36.585094 -97.767792 1
36.594494 -97.74659 1
36.584393 -97.726891 1
36.584892 -97.772491 1
36.565495 -97.744194 1
36.568794 -97.778191 1
36.569294 -97.634293 1
36.567295 -97.799194 1
36.551594 -97.762589 1
36.565693 -97.748894 1
36.575092 -97.654991 1
36.551594 -97.750389 1
36.569794 -97.630493 1
36.544193 -97.67189 1
36.556095 -97.687096 1
36.594994 -97.563789 1
36.587894 -97.716393 1
36.566692 -97.730492 1
36.579895 -97.686394 1
36.595295 -97.550392 1
36.597294 -97.73999 1
36.595493 -97.556496 1
36.595093 -97.776291 1
36.577194 -97.69799 1
36.586594 -97.748894 1
36.601692 -97.632393 1
36.580093 -97.738892 1
36.582695 -97.742294 1
36.591194 -97.574394 1
36.569096 -97.794792 1
36.570293 -97.771393 1
36.558193 -97.70179 1
36.575092 -97.665588 1
36.551594 -97.745193 1
36.569294 -97.641693 1
36.551792 -97.737793 1
36.590694 -97.566895 1
36.567394 -97.751991 1
36.597595 -97.766289 1
36.567093 -97.803589 1
36.580593 -97.620392 1
36.586895 -97.612892 1
36.571293 -97.597694 1
36.595795 -97.545296 1
36.586395 -97.594193 1
36.573795 -97.645592 1
36.599396 -97.629295 1
36.551594 -97.754395 1
36.558495 -97.70919 1
36.559193 -97.705589 1
36.559692 -97.784889 1
36.560295 -97.780792 1
36.555893 -97.694893 1
36.595295 -97.581192 1
36.584293 -97.745293 1
36.591393 -97.570496 1
36.594894 -97.540993 1
36.551895 -97.74189 1
36.570194 -97.767593 1
36.551594 -97.677994 1
36.566395 -97.759293 1
36.551594 -97.773994 1
36.596596 -97.779495 1
36.586693 -97.617195 1
36.569195 -97.774994 1
36.586796 -97.608688 1
36.568195 -97.589088 1
36.554295 -97.716293 1
36.550694 -97.682594 1
36.595993 -97.61869 1
36.581696 -97.694695 1
36.568394 -97.637894 1
36.551594 -97.777489 1
36.569996 -97.763596 1
36.553394 -97.730591 1
36.581993 -97.690895 1
36.568993 -97.702789 1
36.574593 -97.67379 1
36.571095 -97.71669 1
36.596893 -97.78389 1
36.577293 -97.701691 1
36.596992 -97.622292 1
36.587692 -97.752495 1
36.551594 -97.758492 1
36.571693 -97.71299 1
36.569294 -97.593689 1
36.544292 -97.668091 1
36.567295 -97.807289 1
36.580395 -97.57869 1
36.568893 -97.791489 1
36.588894 -97.712593 1
36.568596 -97.786293 1
36.566593 -97.755592 1
36.576996 -97.612694 1
36.596092 -97.559296 1
36.573593 -97.669594 1
36.557095 -97.698395 1
36.579494 -97.591293 1
36.599094 -97.747795 1
36.587395 -97.756294 1
36.551594 -97.770393 1
36.575893 -97.661194 1
36.570293 -97.781395 1
36.571095 -97.705589 1
36.599194 -97.737389 1
36.554195 -97.727196 1
36.597294 -97.584991 1
36.580193 -97.67939 1
36.568596 -97.727295 1
36.580494 -97.705193 1
36.576996 -97.616592 1
36.595093 -97.772491 1
36.570293 -97.720192 1
36.571095 -97.70929 1
36.556194 -97.690689 1
36.555096 -97.712791 1
36.580296 -97.583488 1
36.569096 -97.723595 1
36.595795 -97.743294 1
36.554794 -97.719795 1
36.554695 -97.723495 1
36.551594 -97.766792 1
36.58691 -97.637985 2
36.536858 -97.716431 2
36.584526 -97.634377 2
36.512383 -97.727295 2
36.533531 -97.713158 2
36.511112 -97.72319 2
36.537315 -97.721321 2
36.604202 -97.6399 2
36.524555 -97.699669 2
36.508808 -97.735672 2
36.603783 -97.680092 2
36.531929 -97.709259 2
36.544952 -97.708717 2
36.589935 -97.66925 2
36.591225 -97.673286 2
36.511002 -97.738998 2
36.602451 -97.684044 2
36.601486 -97.688225 2
36.591805 -97.661247 2
36.537346 -97.726227 2
36.509026 -97.719894 2
36.599705 -97.649292 2
36.525539 -97.695206 2
36.595005 -97.657379 2
36.591526 -97.665726 2
36.510513 -97.73111 2
36.599407 -97.645302 2
36.858547 -97.190422 8
36.835659 -97.249397 8
36.835941 -97.176682 8
36.834305 -97.127754 8
36.848557 -97.240662 8
36.845779 -97.171127 8
36.837025 -97.18148 8
36.846569 -97.125885 8
36.834629 -97.203308 8
36.84306 -97.110046 8
36.844658 -97.248825 8
36.836746 -97.185844 8
36.856472 -97.199257 8
36.857574 -97.109848 8
36.857082 -97.243805 8
36.843376 -97.213791 8
36.834103 -97.221733 8
36.866821 -97.109268 8
36.836609 -97.199203 8
36.83556 -97.136383 8
36.845192 -97.189041 8
36.841812 -97.220474 8
36.849377 -97.116173 8
36.832218 -97.154045 8
36.849342 -97.23629 8
36.835655 -97.253914 8
36.836254 -97.235687 8
36.834919 -97.243317 8
36.835339 -97.20816 8
36.83522 -97.212875 8
36.834209 -97.217232 8
36.834206 -97.164337 8
36.84156 -97.114273 8
36.834858 -97.159935 8
36.845436 -97.244087 8
36.857441 -97.23497 8
36.846375 -97.184921 8
36.857246 -97.114647 8
36.858086 -97.12764 8
36.857204 -97.194626 8
36.859558 -97.181335 8
36.844688 -97.135811 8
36.848595 -97.176682 8
36.843296 -97.153984 8
36.845821 -97.163078 8
36.833611 -97.230957 8
36.859097 -97.105888 8
36.837421 -97.12339 8
36.865086 -97.113098 8
36.857082 -97.239548 8
36.834557 -97.149628 8
36.833778 -97.226212 8
36.835289 -97.140968 8
36.843525 -97.14962 8
36.836769 -97.194717 8
36.836773 -97.190224 8
36.858505 -97.123291 8
36.859554 -97.186172 8
36.847069 -97.180626 8
36.834637 -97.145264 8
36.864666 -97.119049 8
36.845005 -97.011246 9
36.818855 -97.015991 9
36.852123 -97.002159 9
36.901382 -97.020523 9
36.847721 -97.055977 9
36.79224 -96.992966 9
36.944424 -97.042061 9
36.930405 -97.042046 9
36.827099 -97.028946 9
36.816769 -96.981003 9
36.845062 -96.963715 9
36.952183 -97.014099 9
36.836411 -97.027 9
36.830364 -97.011208 9
36.888401 -97.008911 9
36.787472 -97.002098 9
36.849205 -97.036415 9
36.863052 -97.0186 9
36.949726 -97.01812 9
36.819824 -97.003441 9
36.84808 -97.016151 9
36.86581 -97.011467 9
36.831268 -97.061195 9
36.837605 -97.037903 9
36.816803 -97.02034 9
36.791744 -97.011253 9
36.877743 -97.010864 9
36.829025 -97.033699 9
36.834217 -97.057098 9
36.859329 -97.033463 9
36.801697 -97.011154 9
36.944584 -97.03701 9
36.808315 -97.017334 9
36.833927 -96.966881 9
36.831657 -96.961891 9
36.876869 -97.016487 9
36.84499 -97.025871 9
36.902367 -97.008324 9
36.778645 -96.983574 9
36.851208 -97.007195 9
36.951847 -96.998619 9
36.830105 -97.001068 9
36.939346 -97.046272 9
36.827705 -96.982704 9
36.850094 -97.05188 9
36.837875 -96.972191 9
36.777599 -96.988441 9
36.848969 -97.041451 9
36.777954 -96.998596 9
36.817207 -96.974365 9
36.815342 -96.990936 9
36.829521 -97.021584 9
36.951824 -97.00367 9
36.902927 -97.003326 9
36.830017 -96.989197 9
36.778221 -96.993416 9
36.820385 -96.998436 9
36.777298 -97.003578 9
36.792572 -96.998077 9
36.830055 -97.016579 9
36.946289 -97.022987 9
36.834858 -97.052109 9
36.830551 -97.006165 9
36.938618 -97.051239 9
36.951687 -97.008728 9
36.863197 -97.003571 9
36.82328 -96.969887 9
36.805939 -96.975136 9
36.891899 -97.01638 9
36.917389 -97.042175 9
36.845997 -97.020744 9
36.823368 -96.964836 9
36.818813 -96.987404 9
36.819874 -97.008598 9
36.962109 -97.564896 5
36.964226 -97.709236 5
36.960323 -97.652206 5
36.972916 -97.770782 5
36.980312 -97.716454 5
36.947235 -97.612823 5
36.980888 -97.698914 5
36.958332 -97.722672 5
36.993896 -97.672409 5
36.981518 -97.721207 5
36.959785 -97.717369 5
36.958328 -97.729843 5
36.981491 -97.739967 5
36.965912 -97.64035 5
36.953293 -97.599998 5
36.961655 -97.568466 5
36.973289 -97.680336 5
36.964249 -97.585861 5
36.965675 -97.634476 5
36.954071 -97.638466 5
36.980568 -97.712517 5
36.950977 -97.58316 5
36.972878 -97.763428 5
36.968472 -97.673615 5
36.990002 -97.662956 5
36.982513 -97.707855 5
36.993927 -97.675911 5
36.965363 -97.631027 5
36.982567 -97.70401 5
36.96843 -97.667374 5
36.959652 -97.647552 5
36.950207 -97.604546 5
36.951286 -97.591049 5
36.958344 -97.573547 5
36.953201 -97.595741 5
36.962688 -97.699333 5
36.994347 -97.657486 5
36.979435 -97.748741 5
36.981365 -97.694527 5
36.962749 -97.694649 5
36.981155 -97.73642 5
36.977322 -97.727806 5
36.961849 -97.680389 5
36.958275 -97.576881 5
36.980015 -97.754211 5
36.958385 -97.685379 5
36.972763 -97.773933 5
36.979435 -97.745461 5
36.951027 -97.664345 5
36.973259 -97.766785 5
36.962734 -97.703545 5
36.979393 -97.757538 5
36.950394 -97.667946 5
36.991146 -97.66806 5
36.991882 -97.647133 5
36.948116 -97.609383 5
36.958767 -97.675308 5
36.961662 -97.655411 5
36.964127 -97.663246 5
36.961777 -97.658722 5
36.962723 -97.690758 5
36.951145 -97.586548 5
36.982899 -97.68927 5
36.963959 -97.712532 5
36.918194 -97.671928 5
36.909393 -97.704422 5
36.913425 -97.647812 5
36.944431 -97.647972 5
36.889458 -97.721909 5
36.954441 -97.740059 5
36.894463 -97.643936 5
36.887794 -97.712669 5
36.920147 -97.607895 5
36.885769 -97.706306 5
36.945602 -97.630196 5
36.939728 -97.699745 5
36.921391 -97.598869 5
36.954552 -97.744453 5
36.893814 -97.65876 5
36.895519 -97.684029 5
36.88937 -97.718079 5
36.884758 -97.698311 5
36.95359 -97.752258 5
36.885273 -97.702202 5
36.884621 -97.688919 5
36.916935 -97.616386 5
36.891644 -97.652611 5
36.91544 -97.665543 5
36.935513 -97.635086 5
36.94463 -97.643799 5
36.892292 -97.648804 5
36.942791 -97.719864 5
36.943356 -97.708023 5
36.943443 -97.711945 5
36.933144 -97.627281 5
36.944733 -97.658897 5
36.936821 -97.640793 5
36.944614 -97.734367 5
36.939816 -97.703468 5
36.946503 -97.626038 5
36.913643 -97.690483 5
36.943054 -97.695038 5
36.947403 -97.671768 5
36.914299 -97.643959 5
36.909168 -97.708733 5
36.943787 -97.688194 5
36.885471 -97.693916 5
36.896503 -97.679733 5
36.944233 -97.68441 5
36.921261 -97.603935 5
36.946209 -97.676323 5
36.90728 -97.712364 5
36.942776 -97.715843 5
36.920277 -97.676353 5
36.944134 -97.68071 5
36.894955 -97.688545 5
36.916416 -97.621429 5
36.944904 -97.652237 5
36.918316 -97.611862 5
36.943924 -97.738663 5
36.947453 -97.616707 5
36.908859 -97.699944 5
36.913555 -97.657265 5
36.916435 -97.640137 5
36.946747 -97.621033 5
36.916389 -97.631546 5
36.952644 -97.756348 5
36.916885 -97.627228 5
36.954346 -97.748375 5
36.906254 -97.694031 5
36.914623 -97.150833 5
36.913685 -97.177895 5
36.915932 -97.248543 5
36.915142 -97.166573 5
36.942642 -97.218613 5
36.962608 -97.121429 5
36.942783 -97.214882 5
36.952244 -97.150124 5
36.996067 -97.180428 5
36.983974 -97.208427 5
36.949364 -97.13549 5
36.931488 -97.132126 5
36.913685 -97.226151 5
36.949303 -97.131516 5
36.924923 -97.216972 5
36.964352 -97.150314 5
36.984013 -97.205269 5
36.964325 -97.146469 5
36.962292 -97.229828 5
36.958801 -97.11393 5
36.96246 -97.125252 5
36.997604 -97.16127 5
36.943512 -97.146019 5
36.929085 -97.206581 5
36.899223 -97.2491 5
36.921722 -97.236893 5
36.989307 -97.198578 5
36.923935 -97.2313 5
36.909752 -97.247925 5
36.917435 -97.136749 5
36.947529 -97.07045 5
36.925732 -97.223785 5
36.995773 -97.150894 5
36.929523 -97.160904 5
36.913673 -97.222961 5
36.929333 -97.168175 5
36.922035 -97.184235 5
36.954075 -97.178871 5
36.939785 -97.170013 5
36.967075 -97.187454 5
36.91761 -97.13353 5
36.915173 -97.16124 5
36.997692 -97.158333 5
36.916332 -97.140701 5
36.983402 -97.212776 5
36.979843 -97.134842 5
36.946304 -97.236183 5
36.913673 -97.23056 5
36.922943 -97.181381 5
36.935146 -97.086143 5
36.913704 -97.215469 5
36.923164 -97.234489 5
36.978752 -97.131142 5
36.996273 -97.172951 5
36.994854 -97.142853 5
36.918755 -97.244598 5
36.966755 -97.190926 5
36.945744 -97.113762 5
36.945602 -97.117493 5
36.954212 -97.182533 5
36.96233 -97.225327 5
36.964104 -97.160873 5
36.916454 -97.204521 5
36.921303 -97.190948 5
36.953323 -97.121925 5
36.962444 -97.167595 5
36.925293 -97.226822 5
36.996513 -97.176689 5
36.965553 -97.140633 5
36.913704 -97.218773 5
36.997314 -97.164482 5
36.920784 -97.194733 5
36.993366 -97.18898 5
36.996002 -97.167961 5
36.928394 -97.212029 5
36.9305 -97.191025 5
36.997074 -97.154869 5
36.940113 -97.188904 5
36.935841 -97.094505 5
36.928974 -97.164879 5
36.981472 -97.139999 5
36.983776 -97.225204 5
36.981365 -97.153542 5
36.916454 -97.128113 5
36.981773 -97.144081 5
36.914227 -97.122383 5
36.934711 -97.101227 5
36.943512 -97.211632 5
36.899426 -97.258064 5
36.908844 -97.258781 5
36.929928 -97.112709 5
36.962265 -97.235397 5
36.900024 -97.254906 5
36.940285 -97.166283 5
36.915314 -97.170441 5
36.942852 -97.195732 5
36.947472 -97.109848 5
36.994404 -97.185478 5
36.943153 -97.229675 5
36.950714 -97.140579 5
36.920563 -97.240875 5
36.924934 -97.178162 5
36.938824 -97.158066 5
36.947628 -97.077042 5
36.932468 -97.126053 5
36.978714 -97.126305 5
36.963745 -97.163994 5
36.914284 -97.15464 5
36.990356 -97.194572 5
36.964874 -97.15789 5
36.964813 -97.154663 5
36.982388 -97.217827 5
36.954124 -97.172501 5
36.920918 -97.199944 5
36.939995 -97.153931 5
36.899319 -97.263 5
36.914604 -97.209145 5
36.968143 -97.180305 5
36.938934 -97.176109 5
36.947704 -97.081589 5
36.942505 -97.199486 5
36.967083 -97.133072 5
36.917503 -97.254166 5
36.928604 -97.151169 5
36.947571 -97.103333 5
36.914455 -97.21225 5
36.97929 -97.12291 5
36.943295 -97.223206 5
36.967243 -97.175674 5
36.932125 -97.196663 5
36.393185 -97.401581 4
36.413483 -97.48085 4
36.413612 -97.543335 4
36.385105 -97.481049 4
36.392536 -97.446732 4
36.365215 -97.392365 4
36.378235 -97.387932 4
36.365475 -97.410255 4
36.411022 -97.405914 4
36.370907 -97.36544 4
36.370899 -97.369728 4
36.392948 -97.406136 4
36.366085 -97.401596 4
36.414047 -97.547585 4
36.410862 -97.428413 4
36.386841 -97.384155 4
36.410927 -97.415176 4
36.410717 -97.432724 4
36.393139 -97.452141 4
36.381748 -97.401466 4
36.412716 -97.539215 4
36.392479 -97.420433 4
36.403034 -97.512413 4
36.40276 -97.490326 4
36.386478 -97.374458 4
36.409973 -97.446228 4
36.381294 -97.437195 4
36.381451 -97.392456 4
36.413082 -97.450638 4
36.413422 -97.475029 4
36.414337 -97.485207 4
36.414932 -97.471123 4
36.381588 -97.450981 4
36.415401 -97.521713 4
36.393002 -97.410881 4
36.365669 -97.397133 4
36.41098 -97.534676 4
36.38459 -97.361336 4
36.384991 -97.489792 4
36.403244 -97.397263 4
36.384739 -97.511879 4
36.386738 -97.379311 4
36.387333 -97.503998 4
36.364708 -97.405487 4
36.388077 -97.424034 4
36.406635 -97.518318 4
36.393105 -97.456612 4
36.392941 -97.415771 4
36.40271 -97.48597 4
36.381981 -97.396965 4
36.377796 -97.447525 4
36.385166 -97.43322 4
36.402279 -97.522903 4
36.410538 -97.423912 4
36.402969 -97.481506 4
36.388618 -97.470963 4
36.385456 -97.485367 4
36.429581 -97.522438 4
36.381512 -97.411751 4
36.429489 -97.51812 4
36.427185 -97.526352 4
36.364983 -97.423828 4
36.363766 -97.385841 4
36.424934 -97.53051 4
36.365635 -97.414604 4
36.38723 -97.466026 4
36.387943 -97.499687 4
36.416145 -97.463318 4
36.387871 -97.428612 4
36.402996 -97.494698 4
36.410694 -97.454956 4
36.370808 -97.360832 4
36.38475 -97.494179 4
36.402935 -97.499039 4
36.381363 -97.406097 4
36.411007 -97.401192 4
36.410133 -97.410912 4
36.410736 -97.440857 4
36.41412 -97.508377 4
36.41016 -97.41935 4
36.365608 -97.419243 4
36.385273 -97.5075 4
36.40316 -97.53936 4
36.402794 -97.503494 4
36.386959 -97.475609 4
36.402458 -97.508095 4
36.417347 -97.467422 4
36.403564 -97.39238 4
36.892052 -97.483902 6
36.932129 -97.500572 6
36.910446 -97.491287 6
36.917572 -97.504799 6
36.921051 -97.424721 6
36.924339 -97.447243 6
36.880882 -97.48616 5
36.922451 -97.514107 6
36.932438 -97.495522 5
36.879532 -97.491638 5
36.910503 -97.398056 6
36.924435 -97.456001 6
36.939384 -97.545715 6
36.879147 -97.478577 5
36.939323 -97.549973 5
36.937958 -97.519173 6
36.917011 -97.442902 6
36.92379 -97.464622 6
36.932522 -97.486862 6
36.874191 -97.469429 5
36.922035 -97.523643 6
36.920528 -97.429085 6
36.920444 -97.433266 6
36.91037 -97.47226 6
36.913818 -97.52066 5
36.923729 -97.468712 6
36.89476 -97.492325 6
36.892094 -97.478355 6
36.938057 -97.523117 6
36.936314 -97.537323 6
36.918839 -97.438255 6
36.931007 -97.48278 6
36.910507 -97.393349 6
36.909611 -97.406715 6
36.904011 -97.439873 6
36.924583 -97.477577 6
36.903942 -97.434502 6
36.914291 -97.416817 6
36.922985 -97.53212 6
36.877407 -97.473755 5
36.910389 -97.486992 6
36.920261 -97.528198 6
36.934723 -97.505043 6
36.932636 -97.491348 6
36.903793 -97.430099 6
36.902206 -97.496208 6
36.907677 -97.460197 6
36.874043 -97.465126 5
36.909412 -97.402939 6
36.920528 -97.42041 6
36.935917 -97.509232 6
36.936512 -97.514099 6
36.92347 -97.473099 6
36.910458 -97.476265 6
36.937946 -97.527145 6
36.918499 -97.510178 6
36.910473 -97.482559 6
36.924255 -97.45192 6
36.925148 -97.460106 6
36.910385 -97.466492 6
37.091736 -97.233391 7
37.157482 -97.359299 7
37.073807 -97.178047 7
37.135174 -97.318962 7
37.150635 -97.322388 7
37.135902 -97.314873 7
37.134598 -97.35099 7
37.146011 -97.390823 7
37.135323 -97.301147 7
37.106388 -97.242126 7
37.109394 -97.250755 7
37.133419 -97.322006 7
37.126316 -97.26622 7
37.135929 -97.278152 7
37.157463 -97.363091 7
37.10593 -97.245865 7
37.128494 -97.261925 7
37.150242 -97.326134 7
37.119804 -97.327438 7
37.132629 -97.326569 7
37.091774 -97.230362 7
37.116962 -97.32193 7
37.079575 -97.213844 7
37.118298 -97.302284 7
37.080025 -97.188339 7
37.076508 -97.205727 7
37.143375 -97.342171 7
37.128326 -97.332001 7
37.154385 -97.354034 7
37.150391 -97.377434 7
37.150242 -97.372787 7
37.154305 -97.350243 7
37.119194 -97.294418 7
37.127296 -97.258339 7
37.138866 -97.373238 7
37.118446 -97.309135 7
37.091709 -97.236664 7
37.07972 -97.21788 7
37.073135 -97.182014 7
37.124958 -97.247009 7
37.139969 -97.381462 7
37.140984 -97.3349 7
37.124763 -97.277603 7
37.118374 -97.297989 7
37.080814 -97.199623 7
37.125275 -97.285591 7
37.143333 -97.345909 7
37.125149 -97.290161 7
37.142391 -97.331406 7
37.112999 -97.263763 7
37.126793 -97.335533 7
37.088474 -97.248405 7
37.124893 -97.25074 7
37.087509 -97.24472 7
37.136402 -97.305519 7
37.135605 -97.30912 7
37.124935 -97.281456 7
37.149635 -97.368301 7
37.124966 -97.254517 7
37.080166 -97.19593 7
37.080124 -97.222198 7
37.120056 -97.34494 7
37.142368 -97.298233 7
37.146255 -97.387032 7
37.134796 -97.362061 7
37.091782 -97.226982 7
37.12241 -97.341766 7
37.143505 -97.294655 7
37.150196 -97.381454 7
37.13448 -97.354904 7
37.132061 -97.345352 7
37.143459 -97.290794 7
37.13324 -97.272163 7
37.124317 -97.243256 7
37.113251 -97.259972 7
36.573177 -97.202675 3
36.55632 -97.271912 3
36.530678 -97.302849 3
36.585171 -97.292915 3
36.562035 -97.321724 3
36.569874 -97.280701 3
36.625076 -97.402 3
36.52919 -97.280716 3
36.609726 -97.380539 3
36.562866 -97.099358 3
36.566055 -97.463745 3
36.548763 -97.262573 3
36.606594 -97.384232 3
36.566051 -97.352646 3
36.582439 -97.288727 3
36.568436 -97.191216 3
36.555859 -97.267067 3
36.611946 -97.365845 3
36.568863 -97.455414 3
36.556702 -97.328995 2
36.569744 -97.186867 3
36.561596 -97.340897 3
36.570938 -97.298569 3
36.569374 -97.176636 3
36.567181 -97.237167 3
36.529789 -97.289848 3
36.626095 -97.375191 3
36.552128 -97.291351 3
36.627151 -97.406487 3
36.625408 -97.397552 3
36.55286 -97.296867 3
36.556053 -97.119751 3
36.613369 -97.406181 3
36.57061 -97.303055 2
36.625099 -97.387352 2
36.56789 -97.312149 3
36.632317 -97.383553 3
36.565983 -97.380722 3
36.568428 -97.450645 3
36.567955 -97.181808 3
36.532017 -97.298683 3
36.570515 -97.172363 3
36.566887 -97.123573 3
36.573071 -97.413292 3
36.605915 -97.377029 3
36.541332 -97.250137 3
36.56712 -97.12851 3
36.558411 -97.101402 3
36.527344 -97.305962 3
36.568962 -97.307091 2
36.555969 -97.106064 3
36.58123 -97.159645 3
36.52911 -97.275833 3
36.630505 -97.379532 3
36.570732 -97.325989 3
36.570702 -97.207466 3
36.589211 -97.158485 3
36.568134 -97.168312 3
36.574226 -97.486008 2
36.57008 -97.431839 3
36.56168 -97.275368 3
36.609844 -97.402611 3
36.605579 -97.39859 3
36.54137 -97.254913 3
36.567463 -97.225708 3
36.626453 -97.416206 3
36.570225 -97.419708 3
36.559082 -97.334747 3
36.570267 -97.446442 3
36.571632 -97.468727 3
36.574417 -97.396248 2
36.566204 -97.096985 3
36.533642 -97.293739 2
36.528137 -97.241455 3
36.560364 -97.398277 3
36.610493 -97.37085 3
36.56538 -97.477501 3
36.591675 -97.16346 3
36.570477 -97.164139 3
36.57822 -97.155228 3
36.567635 -97.091446 3
36.570564 -97.316383 3
36.558376 -97.388435 3
36.579308 -97.16362 3
36.573154 -97.495476 2
36.614891 -97.410835 3
36.570297 -97.424438 3
36.569557 -97.473503 3
36.570415 -97.437012 3
36.573185 -97.405563 3
36.545414 -97.258835 3
36.563427 -97.24324 3
36.570427 -97.213509 3
36.58527 -97.302864 3
36.585232 -97.298294 3
36.531227 -97.244911 3
36.570744 -97.222198 3
36.603416 -97.387848 3
36.575188 -97.198898 3
36.570076 -97.293793 3
36.574787 -97.4011 3
36.570782 -97.441811 3
36.558628 -97.325119 3
36.560738 -97.392822 3
36.546059 -97.280739 2
36.570076 -97.132759 3
36.568413 -97.218315 3
36.566879 -97.376419 3
36.574017 -97.194527 2
36.573864 -97.490707 2
36.566864 -97.231209 3
36.605324 -97.392853 3
36.566719 -97.459282 3
36.529579 -97.285431 3
36.555672 -97.113609 3
36.566032 -97.385239 3
36.562908 -97.349152 3
36.571037 -97.320892 3
36.629063 -97.411064 3
36.548637 -97.284897 3
