36.848595 -97.449295 5
36.862995 -97.437096 5
36.843494 -97.389191 5
36.852695 -97.395088 5
36.841694 -97.400093 5
36.864594 -97.414291 5
36.851593 -97.437988 5
36.862995 -97.448891 5
36.826996 -97.412491 5
36.864594 -97.425095 5
36.862995 -97.454788 5
36.847294 -97.40519 5
36.862995 -97.460495 5
36.829895 -97.423294 5
36.862995 -97.44249 5
36.848595 -97.460495 5
36.848595 -97.454788 5
36.844494 -97.412788 5
36.864594 -97.431595 5
36.848694 -97.443192 5
36.841793 -97.394089 5
36.852695 -97.432991 5
36.826893 -97.417595 5
36.864594 -97.419693 5
36.852592 -97.399994 5
36.844494 -97.418594 5
36.892052 -97.483902 6
36.932129 -97.500572 6
36.910446 -97.491287 6
36.917572 -97.504799 6
36.921051 -97.424721 6
36.924339 -97.447243 6
36.880882 -97.48616 5
36.922451 -97.514107 6
36.932438 -97.495522 5
36.879532 -97.491638 5
36.910503 -97.398056 6
36.924435 -97.456001 6
36.939384 -97.545715 6
36.879147 -97.478577 5
36.939323 -97.549973 5
36.937958 -97.519173 6
36.917011 -97.442902 6
36.92379 -97.464622 6
36.932522 -97.486862 6
36.874191 -97.469429 5
36.922035 -97.523643 6
36.920528 -97.429085 6
36.920444 -97.433266 6
36.91037 -97.47226 6
36.913818 -97.52066 5
36.923729 -97.468712 6
36.89476 -97.492325 6
36.892094 -97.478355 6
36.938057 -97.523117 6
36.936314 -97.537323 6
36.918839 -97.438255 6
36.931007 -97.48278 6
36.910507 -97.393349 6
36.909611 -97.406715 6
36.904011 -97.439873 6
36.924583 -97.477577 6
36.903942 -97.434502 6
36.914291 -97.416817 6
36.922985 -97.53212 6
36.877407 -97.473755 5
36.910389 -97.486992 6
36.920261 -97.528198 6
36.934723 -97.505043 6
36.932636 -97.491348 6
36.903793 -97.430099 6
36.902206 -97.496208 6
36.907677 -97.460197 6
36.874043 -97.465126 5
36.909412 -97.402939 6
36.920528 -97.42041 6
36.935917 -97.509232 6
36.936512 -97.514099 6
36.92347 -97.473099 6
36.910458 -97.476265 6
36.937946 -97.527145 6
36.918499 -97.510178 6
36.910473 -97.482559 6
36.924255 -97.45192 6
36.925148 -97.460106 6
36.910385 -97.466492 6
