43
80.0 82.0 0.13 1.65
4.0 1.03 62
4.5 0.94 115
5.0 0.85 177
5.5 0.81 249
6.0 0.77 333
6.5 0.765 431
7.0 0.76 547
7.5 0.76 675
8.0 0.76 817
8.5 0.75 967
9.0 0.74 1096
9.5 0.695 1219
10.0 0.65 1330
10.5 0.585 1407
11.0 0.52 1451
11.5 0.455 1469
12.0 0.39 1485
12.5 0.34 1495
13.0 0.29 1500
13.5 0.26 1500
14.0 0.23 1500
14.5 0.21 1500
15.0 0.19 1500
15.5 0.17 1500
16.0 0.15 1500
16.5 0.14 1500
17.0 0.13 1500
17.5 0.12 1500
18.0 0.11 1500
18.5 0.1 1500
19.0 0.09 1500
19.5 0.085 1500
20.0 0.08 1500
20.5 0.075 1500
21.0 0.07 1500
21.5 0.065 1500
22.0 0.06 1500
22.5 0.055 1500
23.0 0.05 1500
23.5 0.05 1500
24.0 0.05 1500
24.5 0.045 1500
25.0 0.04 1500
