37
85.10204081632654 100.0 0.13 2.0
4.0 0.878 121
4.5 0.87 192
5.0 0.843 274
5.5 0.827 371
6.0 0.851 471
6.5 0.833 612
7.0 0.822 774
7.5 0.799 956
8.0 0.753 1146
8.5 0.71 1339
9.0 0.667 1538
9.5 0.585 1675
10.0 0.509 1774
10.5 0.441 1841
11.0 0.383 1888
11.5 0.334 1918
12.0 0.293 1939
12.5 0.258 1952
13.0 0.229 1962
13.5 0.205 1969
14.0 0.183 1973
14.5 0.165 1975
15.0 0.148 1976
15.5 0.134 1977
16.0 0.122 1977
16.5 0.112 1977
17.0 0.102 1978
17.5 0.094 1978
18.0 0.087 1978
18.5 0.08 1978
19.0 0.075 1978
19.5 0.07 1978
20.0 0.065 1978
20.5 0.061 1978
21.0 0.057 1978
21.5 0.053 1978
22.0 0.05 1978
