34.557808 -102.466805 1
34.61578 -102.523529 1
34.621647 -102.418854 1
34.569443 -102.457779 1
34.611752 -102.418533 1
34.518066 -102.405952 1
34.634102 -102.523247 1
34.50909 -102.494698 1
34.642288 -102.459442 1
34.583378 -102.454002 1
34.537735 -102.492706 1
34.636444 -102.495506 1
34.633358 -102.487488 1
34.628052 -102.440918 1
34.546112 -102.456108 1
34.557384 -102.432587 1
34.52351 -102.452171 1
34.515907 -102.400467 1
34.528118 -102.415901 1
34.645046 -102.482887 1
34.644833 -102.467033 1
34.560909 -102.471451 1
34.618668 -102.454193 1
34.522831 -102.458282 1
34.622219 -102.461494 1
34.558067 -102.491096 1
34.629662 -102.445038 1
34.585594 -102.488289 1
34.512852 -102.44561 1
34.625923 -102.50296 1
34.562649 -102.445885 1
34.561668 -102.440964 1
34.59692 -102.513504 1
34.56221 -102.496941 1
34.518135 -102.41703 1
34.503574 -102.411728 1
34.583782 -102.483559 1
34.550758 -102.505775 1
34.532562 -102.440651 1
34.55608 -102.461708 1
34.511837 -102.457878 1
34.615173 -102.497955 1
34.518261 -102.410629 1
34.59943 -102.520187 1
34.581146 -102.446579 1
34.626583 -102.414772 1
34.611481 -102.503799 1
34.589165 -102.497505 1
34.532974 -102.464577 1
34.58485 -102.4589 1
34.614651 -102.512962 1
34.567486 -102.452751 1
34.596794 -102.453568 1
34.508408 -102.462471 1
34.523273 -102.485085 1
34.521412 -102.431229 1
34.579727 -102.441879 1
34.525604 -102.412376 1
34.631554 -102.478149 1
34.512939 -102.449333 1
34.637775 -102.449295 1
34.539482 -102.48597 1
34.503632 -102.415695 1
34.546787 -102.504196 1
34.535423 -102.471901 1
34.536739 -102.475479 1
34.555412 -102.456917 1
34.538757 -102.448532 1
34.543388 -102.501541 1
34.508865 -102.476273 1
34.60944 -102.442268 1
34.629654 -102.512512 1
34.556587 -102.48661 1
34.613403 -102.493256 1
34.523186 -102.479881 1
34.631496 -102.473389 1
34.56044 -102.436897 1
34.57753 -102.5056 1
34.613251 -102.508415 1
34.512791 -102.438034 1
34.614799 -102.519775 1
34.644966 -102.477348 1
34.562946 -102.475464 1
34.512688 -102.429039 1
34.587402 -102.492912 1
34.508743 -102.471184 1
34.612114 -102.488541 1
34.631618 -102.483208 1
34.574486 -102.497726 1
34.600777 -102.523682 1
34.538185 -102.498421 1
34.609894 -102.436638 1
34.508957 -102.484985 1
34.520054 -102.421951 1
34.53537 -102.444756 1
34.593277 -102.508194 1
34.610485 -102.446205 1
34.626389 -102.436653 1
34.59531 -102.449478 1
34.539356 -102.4804 1
34.615185 -102.47863 1
34.576015 -102.501656 1
34.542736 -102.452087 1
34.562393 -102.505836 1
34.625034 -102.464676 1
34.644909 -102.472397 1
34.50877 -102.502884 1
34.534088 -102.4683 1
34.634941 -102.491524 1
34.591225 -102.502869 1
34.586266 -102.463593 1
34.553894 -102.428268 1
34.640064 -102.453972 1
34.620327 -102.458084 1
34.632599 -102.519585 1
34.612988 -102.449783 1
34.525784 -102.488419 1
34.562302 -102.501396 1
34.627861 -102.507813 1
34.544991 -102.517662 1
34.740345 -103.324455 2
34.74612 -103.313622 2
34.747795 -103.289093 2
34.747795 -103.294189 2
34.747295 -103.325691 2
34.747334 -103.33181 2
34.747833 -103.273842 2
34.747192 -103.336189 2
34.747833 -103.268768 2
34.747295 -103.318687 2
34.747795 -103.283989 2
34.747833 -103.278923 2
34.81702 -103.121918 3
34.772079 -102.974976 3
34.812191 -102.966927 3
34.803677 -103.112221 3
34.786457 -103.058754 3
34.78595 -102.960075 3
34.808514 -102.930656 3
34.831192 -102.957428 3
34.794052 -103.114883 3
34.792625 -103.038719 3
34.809055 -103.080307 3
34.824177 -102.965591 3
34.784103 -103.124474 3
34.819714 -103.158943 3
34.780937 -103.038742 3
34.771538 -103.018234 3
34.809299 -103.087624 3
34.832626 -103.07737 3
34.809929 -103.130096 3
34.808216 -103.065987 3
34.805279 -103.054161 3
34.800785 -103.158806 3
34.832977 -103.14653 3
34.778618 -103.034805 3
34.808178 -103.158691 3
34.798992 -103.13121 3
34.778175 -103.067436 3
34.789219 -103.066833 3
34.801277 -102.996414 3
34.791679 -103.009903 3
34.771442 -102.948196 3
34.793808 -103.08857 3
34.779602 -102.985878 3
34.783249 -103.095482 3
34.822533 -103.057526 3
34.832047 -102.936073 3
34.798206 -103.075455 3
34.790745 -103.106842 3
34.819592 -103.076591 3
34.795746 -103.070885 3
34.783005 -103.024734 3
34.77132 -102.95755 3
34.792347 -103.027039 3
34.805252 -103.061493 3
34.798817 -103.104546 3
34.830063 -103.158821 3
34.811398 -102.939568 3
34.801796 -102.985863 3
34.826248 -103.088051 3
34.822483 -103.144165 3
34.771553 -102.984566 3
34.783695 -103.005066 3
34.780361 -102.975899 3
34.772881 -103.026558 3
34.819668 -103.087624 3
34.784466 -103.101669 3
34.831841 -103.067924 3
34.826878 -102.923637 3
34.793041 -102.948692 3
34.804016 -102.950966 3
34.80933 -102.962631 3
34.790169 -102.938759 3
34.822094 -102.958504 3
34.772007 -102.940033 3
34.793976 -103.058617 3
34.81535 -103.067841 3
34.826004 -102.970741 3
34.81617 -103.058624 3
34.809921 -102.977951 3
34.816914 -102.950478 3
34.796001 -103.124519 3
34.769985 -103.001617 3
34.823856 -103.067459 3
34.82338 -103.048943 3
34.778172 -103.057823 3
34.797985 -103.097672 3
34.774277 -102.965103 3
34.805267 -103.141747 3
34.804222 -103.124481 3
34.74725 -103.07505 3
34.775089 -103.142822 3
34.759537 -103.177307 3
34.73275 -103.122772 3
34.766266 -103.141342 3
34.745129 -103.159416 3
34.75008 -103.103577 3
34.765839 -103.124451 3
34.760036 -103.083702 3
34.730724 -103.146935 3
34.766548 -103.149086 3
34.735497 -103.080795 3
34.745567 -103.167488 3
34.725838 -103.141945 3
34.758888 -103.124466 3
34.732628 -103.111954 3
34.744038 -103.175987 3
34.759388 -103.069 3
34.774025 -103.100685 3
34.766567 -103.133202 3
34.77533 -103.077934 3
34.77626 -103.149315 3
34.74276 -103.114601 3
34.750149 -103.079292 3
34.747433 -103.183823 3
34.749958 -103.111946 3
34.728638 -103.093277 3
34.757793 -103.113678 3
34.724758 -103.131432 3
34.747246 -103.143135 3
34.738537 -103.123848 3
34.735901 -103.090073 3
34.72102 -103.115211 3
34.743164 -103.106537 3
34.721046 -103.124443 3
34.765194 -103.0616 3
34.75428 -103.143448 3
34.765705 -103.114243 3
34.776241 -103.124481 3
34.754372 -103.151093 3
34.758778 -103.100662 3
34.752247 -103.177422 3
34.739933 -103.068222 3
34.754406 -103.136787 3
34.744827 -103.135513 3
34.732647 -103.133812 3
34.721298 -103.101807 3
34.73275 -103.098969 3
34.761662 -103.167061 3
34.750008 -103.124458 3
34.77623 -103.134315 3
34.747223 -103.151115 3
34.76548 -103.104118 3
34.743275 -103.098564 3
34.757866 -103.059425 3
34.754028 -103.092682 3
34.735565 -103.159431 3
34.772839 -103.09272 3
34.776226 -103.114014 3
34.760509 -103.159294 3
34.747272 -103.08847 3
34.768841 -103.158798 3
35.213768 -102.35424 3
35.197365 -102.271835 3
35.203342 -102.286903 3
35.181007 -102.299103 3
35.169479 -102.260071 3
35.198864 -102.275566 3
35.200153 -102.315506 3
35.215256 -102.357964 3
35.184216 -102.28727 3
35.197769 -102.337746 3
35.201653 -102.319229 3
35.22546 -102.340675 3
35.185665 -102.290878 3
35.195881 -102.268112 3
35.201683 -102.35453 3
35.181393 -102.334312 3
35.196289 -102.334023 3
35.217548 -102.31234 3
35.20763 -102.334152 3
35.182499 -102.302834 3
35.184383 -102.341766 3
35.194798 -102.330292 3
35.206139 -102.330414 3
35.201851 -102.283173 3
35.18914 -102.358887 3
35.190636 -102.36261 3
35.216751 -102.361694 3
35.200756 -102.345215 3
35.182888 -102.338036 3
35.16634 -102.28109 3
35.204063 -102.265648 3
35.184784 -102.324135 3
35.181175 -102.279694 3
35.222031 -102.323517 3
35.220947 -102.32962 3
35.223625 -102.347137 3
35.203171 -102.358261 3
35.203148 -102.32296 3
35.192066 -102.299652 3
35.210056 -102.280556 3
35.185482 -102.310295 3
35.200195 -102.3508 3
35.211716 -102.284309 3
35.20956 -102.338966 3
35.193565 -102.303383 3
35.196476 -102.310898 3
35.172417 -102.26741 3
35.183292 -102.320404 3
35.204639 -102.326691 3
35.187649 -102.355156 3
35.204655 -102.361984 3
35.207058 -102.273102 3
35.219048 -102.316071 3
35.214451 -102.295891 3
35.228107 -102.35833 3
35.220535 -102.319778 3
35.21595 -102.299622 3
35.226612 -102.354599 3
35.181801 -102.316681 3
35.218941 -102.307076 3
35.200367 -102.279335 3
35.212276 -102.350517 3
35.211285 -102.343094 3
35.169262 -102.288399 3
35.225117 -102.350868 3
35.199265 -102.341484 3
35.17968 -102.27597 3
35.194984 -102.307167 3
35.186153 -102.351433 3
35.213207 -102.28804 3
35.229599 -102.362061 3
35.205563 -102.269379 3
35.208557 -102.276825 3
35.182671 -102.283424 3
35.173908 -102.271141 3
35.217445 -102.303345 3
35.186272 -102.327866 3
35.170753 -102.292091 3
35.190571 -102.295929 3
35.223969 -102.336945 3
35.170925 -102.26368 3
35.18399 -102.306564 3
35.16777 -102.284668 3
35.222385 -102.333199 3
34.970993 -103.33989 4
34.986492 -103.379089 4
34.978092 -103.413589 4
34.968895 -103.337593 4
34.984196 -103.373688 4
34.975494 -103.293594 4
34.987095 -103.365692 4
34.970993 -103.298889 4
34.978046 -103.298409 4
34.968494 -103.310593 4
34.979794 -103.417191 4
34.990192 -103.423889 4
34.979794 -103.419792 4
34.983894 -103.423187 4
34.969093 -103.285294 4
34.995594 -103.384293 4
34.993187 -103.379433 4
34.967495 -103.332588 4
34.975796 -103.288094 4
34.968594 -103.336288 4
34.989193 -103.427391 4
34.987194 -103.38089 4
34.991093 -103.374687 4
34.959892 -103.327087 4
34.988094 -103.368088 4
34.970592 -103.342491 4
34.976299 -103.28933 4
34.968895 -103.289192 4
34.968494 -103.282692 4
34.968895 -103.284187 4
34.989895 -103.356689 4
34.996193 -103.386589 4
34.972393 -103.30249 4
34.967594 -103.306587 4
34.971695 -103.30069 4
34.989094 -103.400192 4
34.968594 -103.279388 4
34.988293 -103.397888 4
34.971794 -103.343994 4
34.969093 -103.280594 4
34.984993 -103.375488 4
34.990093 -103.388092 4
34.977493 -103.297287 4
34.989395 -103.386292 4
34.981895 -103.355591 4
34.993393 -103.381088 4
34.987892 -103.38269 4
34.988594 -103.384491 4
34.975895 -103.294991 4
34.985695 -103.377289 4
34.990192 -103.429794 4
34.998795 -103.380394 4
34.988995 -103.370094 4
34.989693 -103.428589 4
34.972095 -103.345589 4
34.987595 -103.36689 4
34.97023 -103.338661 4
34.998093 -103.387589 4
34.989292 -103.354988 4
34.967594 -103.308388 4
34.969593 -103.290291 4
34.98695 -103.362701 4
34.990795 -103.389992 4
34.965195 -103.316994 4
34.988895 -103.403587 4
34.958694 -103.32299 4
34.984394 -103.424591 4
34.976494 -103.296188 4
34.991295 -103.376389 4
34.981094 -103.354195 4
34.967594 -103.334091 4
34.962395 -103.330391 4
34.959095 -103.324287 4
34.957596 -103.321091 4
34.993195 -103.394188 4
34.991562 -103.391754 4
34.969494 -103.295288 4
34.959435 -103.325829 4
34.970242 -103.297112 4
34.965294 -103.318588 4
34.804214 -102.096451 5
34.792732 -102.035927 5
34.766136 -102.076065 5
34.78056 -102.014366 5
34.780502 -102.011284 5
34.79298 -102.046394 5
34.79348 -102.075203 5
34.765388 -102.069374 5
34.760471 -102.010414 5
34.77021 -102.014557 5
34.760075 -102.017944 5
34.793423 -102.082428 5
34.791126 -102.011139 5
34.792202 -102.060905 5
34.793419 -102.067932 5
34.783096 -102.082542 5
34.761463 -102.084366 5
34.783314 -102.072083 5
34.770496 -102.010742 5
34.780697 -102.0252 5
34.762363 -102.094429 5
34.765755 -102.072708 5
34.792538 -102.054314 5
34.791363 -102.020973 5
34.791328 -102.02433 5
34.792332 -102.0298 5
34.783379 -102.086029 5
34.783539 -102.075401 5
34.780483 -102.018005 5
34.792709 -102.064331 5
34.776581 -102.063469 5
34.770382 -102.025421 5
34.770355 -102.021767 5
34.760593 -102.025169 5
34.792927 -102.039078 5
34.792671 -102.050606 5
34.792973 -102.042603 5
34.750999 -102.025154 5
34.75103 -102.021393 5
34.792511 -102.057846 5
34.760227 -102.021629 5
34.766537 -102.079407 5
34.765007 -102.066208 5
34.793476 -102.089485 5
34.792427 -102.032822 5
34.760399 -102.014137 5
34.793499 -102.07151 5
34.776711 -102.066689 5
34.793396 -102.08593 5
34.75103 -102.017769 5
34.776894 -102.070023 5
34.803738 -102.085785 5
34.78054 -102.02166 5
34.750866 -102.010376 5
34.762753 -102.097435 5
34.80389 -102.08934 5
34.793777 -102.093018 5
34.791248 -102.014351 5
34.750916 -102.014099 5
34.761944 -102.091148 5
34.783642 -102.078987 5
34.793453 -102.07885 5
34.80397 -102.08226 5
34.804142 -102.092903 5
34.770115 -102.018211 5
34.764793 -102.063034 5
34.791294 -102.017685 5
34.761749 -102.087814 5
35.227592 -102.197289 6
35.226894 -102.174294 6
35.237293 -102.222389 6
35.228893 -102.234993 6
35.227894 -102.21389 6
35.228992 -102.179993 6
35.226692 -102.222488 6
35.226795 -102.210991 6
35.229996 -102.18689 6
35.246494 -102.199593 6
35.228695 -102.23909 6
35.227695 -102.169693 6
35.244392 -102.20739 6
35.237293 -102.19529 6
35.227993 -102.177193 6
35.226593 -102.194489 6
35.227856 -102.23214 6
35.234795 -102.160591 6
35.233593 -102.157288 6
35.245594 -102.165192 6
35.245396 -102.210289 6
35.237495 -102.202988 6
35.234394 -102.217094 6
35.244694 -102.162888 6
35.235394 -102.219994 6
35.228893 -102.18409 6
35.227795 -102.225388 6
35.229694 -102.241989 6
35.228794 -102.228188 6
35.238693 -102.206291 6
35.236195 -102.19239 6
35.235992 -102.249588 6
35.234993 -102.246788 6
35.243793 -102.160492 6
34.826244 -103.295959 7
34.735676 -103.223343 7
34.82613 -103.305801 7
34.828602 -103.251312 7
34.747494 -103.199844 7
34.775799 -103.239594 7
34.861191 -103.254021 7
34.844677 -103.234192 7
34.790325 -103.230072 7
34.830513 -103.309265 7
34.815144 -103.233742 7
34.796185 -103.283112 7
34.846039 -103.257401 7
34.745483 -103.195061 7
34.795193 -103.185005 7
34.79108 -103.26844 7
34.820225 -103.256081 7
34.830532 -103.215675 7
34.810047 -103.188995 7
34.790836 -103.198349 7
34.818546 -103.278984 7
34.828461 -103.265068 7
34.764786 -103.219276 7
34.878044 -103.246567 7
34.773315 -103.208481 7
34.809998 -103.257233 7
34.761955 -103.200447 7
34.866272 -103.236725 7
34.802128 -103.283218 7
34.86348 -103.27607 7
34.852802 -103.282623 7
34.860733 -103.285919 7
34.826797 -103.286491 7
34.877899 -103.229721 7
34.761616 -103.183311 7
34.849648 -103.273949 7
34.761642 -103.192902 7
34.794601 -103.173233 7
34.735676 -103.209976 7
34.75238 -103.22155 7
34.781727 -103.242287 7
34.772007 -103.233673 7
34.747433 -103.208038 7
34.779495 -103.225899 7
34.779686 -103.216965 7
34.745476 -103.221481 7
34.790886 -103.278709 7
34.779388 -103.259087 7
34.849274 -103.240921 7
34.764942 -103.204926 7
34.843193 -103.286156 7
34.820213 -103.219749 7
34.818981 -103.194679 7
34.815636 -103.272629 7
34.745468 -103.23027 7
34.73568 -103.217499 7
34.810616 -103.19825 7
34.849113 -103.309059 7
34.842041 -103.225212 7
34.869465 -103.245651 7
34.844894 -103.26947 7
34.835453 -103.264839 7
34.782124 -103.233574 7
34.788754 -103.247681 7
34.735676 -103.230301 7
34.84713 -103.303871 7
34.795609 -103.233551 7
34.801998 -103.247826 7
34.840305 -103.215706 7
34.863541 -103.291306 7
34.790771 -103.25145 7
34.802185 -103.215836 7
34.803032 -103.188217 7
34.823181 -103.229858 7
34.807384 -103.25293 7
34.819901 -103.203423 7
34.86314 -103.230392 7
34.790943 -103.260117 7
34.808899 -103.283134 7
34.813374 -103.265625 7
34.779377 -103.251472 7
34.802734 -103.1735 7
34.810749 -103.177414 7
34.82016 -103.247757 7
34.763733 -102.23732 8
34.764935 -102.347992 8
34.748604 -102.252548 9
34.748405 -102.244202 8
34.774624 -102.342949 8
34.759193 -102.177803 9
34.763256 -102.232544 8
34.783573 -102.319962 9
34.764484 -102.330154 9
34.779976 -102.301651 8
34.748775 -102.268074 9
34.793823 -102.258263 8
34.765553 -102.243523 8
34.754555 -102.310623 8
34.747696 -102.220551 8
34.763794 -102.21003 9
34.764374 -102.240822 8
34.763973 -102.327339 8
34.790672 -102.343102 8
34.780964 -102.241241 8
34.773434 -102.222481 9
34.747932 -102.241432 9
34.765053 -102.212463 8
34.789433 -102.339813 9
34.748474 -102.177483 8
34.756905 -102.225502 8
34.747932 -102.174454 9
34.784176 -102.325363 9
34.753376 -102.213974 8
34.769604 -102.221008 8
34.779076 -102.295242 8
34.750324 -102.207321 9
34.769672 -102.25724 8
34.781105 -102.305222 8
34.773773 -102.338341 9
34.801964 -102.267303 8
34.782272 -102.279175 9
34.747864 -102.233971 8
34.766293 -102.332718 9
34.747913 -102.229149 9
34.759083 -102.315727 9
34.759193 -102.183731 9
34.764194 -102.345032 8
34.748325 -102.236702 9
34.763702 -102.342117 9
34.748993 -102.28772 9
34.748245 -102.182243 9
34.788902 -102.254768 9
34.778545 -102.274689 8
34.773415 -102.22963 9
34.759953 -102.188499 9
34.758423 -102.174294 9
34.783653 -102.247368 8
34.772343 -102.264801 8
34.759724 -102.203453 9
34.775593 -102.271744 8
34.748695 -102.292679 8
34.752995 -102.30793 8
34.748463 -102.279991 8
34.768543 -102.253578 9
34.787563 -102.337173 8
34.767654 -102.2192 9
34.778843 -102.236961 9
34.757706 -102.313538 9
34.747826 -102.193619 9
34.781593 -102.310265 9
34.748154 -102.203659 9
34.751705 -102.211662 8
34.763863 -102.356819 9
34.758175 -102.229332 9
34.770615 -102.26136 8
34.776814 -102.234642 9
34.776485 -102.347137 9
34.748634 -102.260368 9
34.759724 -102.193779 9
34.760044 -102.198563 8
34.765686 -102.215614 9
34.748375 -102.187035 8
34.784904 -102.2827 8
34.763554 -102.319702 8
34.799664 -102.264572 8
34.775303 -102.23143 8
34.765594 -102.360222 8
34.778534 -102.292053 9
34.786003 -102.249863 9
34.749565 -102.302811 9
34.805134 -102.270325 8
34.766235 -102.248367 8
34.748135 -102.257271 9
34.748245 -102.26516 9
34.779785 -102.277107 9
34.763485 -102.324577 9
34.756226 -102.221687 8
34.748024 -102.249054 8
34.749073 -102.282883 9
34.748074 -102.223579 9
34.749264 -102.296089 8
34.750576 -102.305779 9
34.767143 -102.251198 8
34.796463 -102.26152 9
34.773163 -102.26828 8
34.783085 -102.31488 9
34.747784 -102.198868 9
34.785744 -102.331154 8
34.699535 -102.302902 9
34.709034 -102.198921 9
34.698223 -102.299744 9
34.691105 -102.304054 9
34.689896 -102.206482 9
34.705074 -102.262093 9
34.716125 -102.313438 9
34.699986 -102.214653 9
34.700424 -102.21743 9
34.743874 -102.331253 9
34.730114 -102.229584 9
34.711773 -102.212013 9
34.721066 -102.269157 9
34.720074 -102.258522 9
34.704174 -102.250534 9
34.731304 -102.190231 9
34.690662 -102.280807 9
34.718834 -102.190361 9
34.705025 -102.256508 9
34.715054 -102.2314 9
34.722973 -102.274681 9
34.731636 -102.241203 9
34.714912 -102.221542 9
34.721085 -102.197044 9
34.691303 -102.289574 9
34.714123 -102.30619 9
34.728134 -102.216263 9
34.701393 -102.226395 9
34.704056 -102.23838 9
34.734173 -102.196381 9
34.708652 -102.196503 9
34.733364 -102.181252 9
34.713665 -102.303368 9
34.734753 -102.199081 9
34.698746 -102.201195 9
34.730343 -102.225075 9
34.744003 -102.333733 9
34.690636 -102.275024 9
34.691833 -102.286659 9
34.690495 -102.253731 9
34.715706 -102.310783 9
34.703873 -102.232597 9
34.719814 -102.250252 9
34.708565 -102.284042 9
34.712666 -102.300934 9
34.703033 -102.316101 9
34.731144 -102.187782 9
34.704185 -102.244232 9
34.730774 -102.185379 9
34.736965 -102.208351 9
34.705223 -102.280304 9
34.691086 -102.306953 9
34.709934 -102.289192 9
34.711834 -102.297295 9
34.700504 -102.220779 9
34.725925 -102.291229 9
34.690254 -102.24115 9
34.733505 -102.178734 9
34.691185 -102.309975 9
34.722015 -102.271759 9
34.715424 -102.234589 9
34.711254 -102.294594 9
34.724613 -102.205452 9
34.697304 -102.194572 9
34.735596 -102.20253 9
34.702953 -102.309753 9
34.723656 -102.203003 9
34.726913 -102.211121 9
34.729645 -102.302872 9
34.731594 -102.237923 9
34.690136 -102.234421 9
34.690533 -102.271889 9
34.690155 -102.231232 9
34.702953 -102.313393 9
34.716053 -102.240852 9
34.690434 -102.251152 9
34.697876 -102.196938 9
34.727463 -102.21373 9
34.722424 -102.199478 9
34.716633 -102.247223 9
34.734222 -102.316101 9
34.689915 -102.209412 9
34.689976 -102.203064 9
34.719955 -102.253319 9
34.713303 -102.216728 9
34.689754 -102.19725 9
34.743774 -102.323288 9
34.743744 -102.325882 9
34.731445 -102.234711 9
34.691254 -102.313072 9
34.691216 -102.316223 9
34.739304 -102.217857 9
34.715706 -102.223892 9
34.715595 -102.237663 9
34.709255 -102.201691 9
34.730545 -102.308655 9
34.704044 -102.235489 9
34.690273 -102.244034 9
34.725445 -102.208374 9
34.717625 -102.316467 9
34.716503 -102.243698 9
34.728504 -102.21875 9
34.689964 -102.215202 9
34.742466 -102.320724 9
34.709084 -102.286659 9
34.695656 -102.297478 9
34.690643 -102.260551 9
34.699345 -102.209099 9
34.690594 -102.277908 9
34.704124 -102.241341 9
34.701874 -102.304329 9
34.710793 -102.291893 9
34.698433 -102.19912 9
34.699154 -102.206223 9
34.699535 -102.211884 9
34.690475 -102.256729 9
34.690033 -102.218124 9
34.705086 -102.266281 9
34.726746 -102.294258 9
34.690334 -102.247566 9
34.705135 -102.272461 9
34.712563 -102.214424 9
34.699135 -102.203362 9
34.743706 -102.328613 9
34.689816 -102.194519 9
34.709526 -102.209122 9
34.704113 -102.247574 9
34.689976 -102.212204 9
34.692802 -102.291901 9
34.727444 -102.29702 9
34.729336 -102.222282 9
34.718754 -102.185303 9
34.720314 -102.261749 9
34.739025 -102.214142 9
34.733414 -102.176147 9
34.720104 -102.266403 9
34.725464 -102.288414 9
34.731525 -102.24427 9
34.718773 -102.18792 9
34.714024 -102.219177 9
34.705093 -102.268127 9
34.702824 -102.306892 9
34.719753 -102.194611 9
34.724766 -102.285789 9
34.705223 -102.278381 9
34.694485 -102.294495 9
34.689846 -102.200249 9
34.704243 -102.253548 9
34.731323 -102.311264 9
34.732426 -102.313942 9
34.690224 -102.238144 9
34.705063 -102.259239 9
34.729813 -102.305984 9
34.738575 -102.211662 9
34.723553 -102.277458 9
34.730896 -102.232262 9
34.736324 -102.205482 9
34.690586 -102.268982 9
34.708153 -102.19413 9
34.705112 -102.275169 9
34.733524 -102.193672 9
34.701084 -102.223404 9
34.686619 -102.728409 5
34.738964 -102.696999 5
34.700729 -102.710838 5
34.725468 -102.626953 5
34.740891 -102.704498 5
34.739922 -102.700745 5
34.721329 -102.614807 5
34.721371 -102.804657 5
34.730179 -102.635399 5
34.694805 -102.789215 5
34.693359 -102.780876 5
34.731262 -102.661064 5
34.737988 -102.69326 5
34.724083 -102.62291 5
34.725983 -102.811317 5
34.710266 -102.677536 5
34.711414 -102.661476 5
34.707066 -102.674339 5
34.719387 -102.779762 5
34.732197 -102.665276 5
34.687222 -102.761787 5
34.731056 -102.767021 5
34.691082 -102.807091 5
34.700378 -102.69104 5
34.736057 -102.685768 5
34.734108 -102.678253 5
34.700413 -102.613274 5
34.708744 -102.641586 5
34.709713 -102.657104 5
34.731628 -102.643471 5
34.703014 -102.804108 5
34.712505 -102.680771 5
34.698063 -102.605469 5
34.719578 -102.714561 5
34.693012 -102.775856 5
34.737011 -102.689529 5
34.715652 -102.665588 5
34.692432 -102.810928 5
34.746357 -102.66655 5
34.705963 -102.633034 5
34.718403 -102.710686 5
34.703987 -102.624954 5
34.744789 -102.653076 5
34.733131 -102.674484 5
34.690117 -102.768814 5
34.723343 -102.790405 5
34.730335 -102.65683 5
34.733139 -102.776367 5
34.733128 -102.66951 5
34.688141 -102.732155 5
34.692013 -102.744118 5
34.726295 -102.732193 5
34.746861 -102.671074 5
34.700802 -102.699287 5
34.689762 -102.803391 5
34.691555 -102.772331 5
34.70948 -102.646858 5
34.705914 -102.811218 5
34.745842 -102.662056 5
34.722023 -102.78688 5
34.702805 -102.621056 5
34.735069 -102.682007 5
34.722488 -102.729187 5
34.719437 -102.801079 5
34.716549 -102.684219 5
34.699245 -102.609367 5
34.722721 -102.618851 5
34.73983 -102.714836 5
34.739021 -102.710762 5
34.69524 -102.793396 5
34.692822 -102.748596 5
34.722481 -102.701233 5
34.730019 -102.762405 5
34.723713 -102.71904 5
34.71698 -102.771118 5
34.70158 -102.800568 5
34.718586 -102.687737 5
34.718571 -102.774796 5
34.694069 -102.785057 5
34.691212 -102.739632 5
34.705173 -102.628883 5
34.732353 -102.771744 5
34.723686 -102.807983 5
34.720383 -102.695808 5
34.720715 -102.783325 5
34.719444 -102.691895 5
34.745327 -102.65757 5
34.701618 -102.617172 5
34.717796 -102.79731 5
34.70446 -102.807663 5
34.726841 -102.631012 5
34.688679 -102.765289 5
34.730885 -102.639481 5
34.710056 -102.65152 5
34.727238 -102.651398 5
34.689678 -102.735901 5
35.317593 -102.651794 9
35.326294 -102.668793 9
35.282993 -102.553688 9
35.311092 -102.64859 9
35.321995 -102.660393 9
35.314896 -102.550095 9
35.293995 -102.536789 9
35.305393 -102.634689 9
35.295395 -102.539391 9
35.298794 -102.576988 9
35.303478 -102.555687 9
35.280792 -102.547989 9
35.286793 -102.560593 9
35.306595 -102.637291 9
35.304394 -102.558388 9
35.325195 -102.666695 9
35.318195 -102.574493 9
35.298794 -102.549889 9
35.324196 -102.664589 9
35.313393 -102.596992 9
35.319195 -102.606491 9
35.317493 -102.571289 9
35.308994 -102.642792 9
35.308395 -102.565491 9
35.319096 -102.578392 9
35.336994 -102.672989 9
35.290493 -102.594193 9
35.318596 -102.554489 9
35.299496 -102.61409 9
35.295795 -102.605988 9
35.307693 -102.562691 9
35.305992 -102.531693 9
35.320694 -102.583794 9
35.300594 -102.616592 9
35.308395 -102.538788 9
35.322193 -102.58609 9
35.314793 -102.599388 9
35.291195 -102.568687 9
35.296696 -102.543091 9
35.318695 -102.653893 9
35.302895 -102.621788 9
35.323093 -102.662491 9
35.301495 -102.582191 9
35.300293 -102.579491 9
35.319794 -102.655991 9
35.285294 -102.557793 9
35.288193 -102.563293 9
35.335293 -102.668594 9
35.322895 -102.613892 9
35.298294 -102.611389 9
35.323692 -102.588394 9
35.322193 -102.611191 9
35.292496 -102.57119 9
35.316692 -102.552292 9
35.319996 -102.557091 9
35.304794 -102.62719 9
35.317593 -102.604195 9
35.279694 -102.54509 9
35.307095 -102.535088 9
35.287994 -102.588593 9
35.302494 -102.584991 9
35.309994 -102.56749 9
35.304195 -102.632088 9
35.289295 -102.591393 9
35.309994 -102.64579 9
35.301792 -102.619194 9
35.303493 -102.587791 9
35.297894 -102.546593 9
35.322895 -102.621887 9
35.316193 -102.601791 9
35.307896 -102.64019 9
35.319794 -102.581192 9
35.297092 -102.608688 9
35.309494 -102.542992 9
35.336094 -102.670792 9
35.291893 -102.59729 9
35.306095 -102.560593 9
35.289696 -102.565994 9
35.304092 -102.62429 9
35.321896 -102.619087 9
35.320892 -102.608688 9
35.320995 -102.658394 9
35.321896 -102.559792 9
35.309494 -102.548088 9
35.294594 -102.603294 9
35.281895 -102.550888 9
35.293392 -102.600693 9
35.330524 -102.715813 8
35.271343 -102.761032 8
35.315926 -102.684402 8
35.291534 -102.760124 8
35.309322 -102.706383 8
35.298626 -102.736488 8
35.297066 -102.71946 8
35.279163 -102.696098 8
35.288586 -102.75531 8
35.305614 -102.699043 8
35.316765 -102.721069 8
35.300472 -102.727188 8
35.302933 -102.744537 8
35.27787 -102.693512 8
35.291634 -102.707458 8
35.277309 -102.712463 8
35.281204 -102.682449 8
35.292984 -102.770714 8
35.301434 -102.779327 8
35.313004 -102.713661 8
35.332855 -102.72081 8
35.300953 -102.680779 8
35.334023 -102.723297 8
35.304382 -102.696617 8
35.282825 -102.745949 8
35.323666 -102.700401 8
35.294365 -102.713554 8
35.338825 -102.696541 8
35.290146 -102.757851 8
35.279915 -102.679893 8
35.306835 -102.701469 8
35.281574 -102.741974 8
35.304394 -102.747269 8
35.327385 -102.708061 8
35.301346 -102.741592 8
35.299484 -102.677994 8
35.280502 -102.698692 8
35.285706 -102.750641 8
35.321163 -102.695229 8
35.294495 -102.773117 8
35.299355 -102.72464 8
35.277435 -102.67498 8
35.284256 -102.748291 8
35.300713 -102.689369 8
35.310555 -102.708809 8
35.298183 -102.722069 8
35.281864 -102.701332 8
35.269875 -102.758339 8
35.323025 -102.724854 8
35.322453 -102.697861 8
35.282036 -102.767517 8
35.279076 -102.736954 8
35.331383 -102.684898 8
35.280266 -102.718582 8
35.287144 -102.752983 8
35.315495 -102.718575 8
35.282475 -102.684959 8
35.294853 -102.765518 8
35.308083 -102.703918 8
35.299873 -102.776894 8
35.311783 -102.711243 8
35.329823 -102.713081 8
35.301926 -102.691772 8
35.326164 -102.705513 8
35.306164 -102.753914 8
35.277466 -102.734261 8
35.304886 -102.750801 8
35.272736 -102.763588 8
35.314236 -102.71608 8
35.319874 -102.692551 8
35.298283 -102.774445 8
35.334305 -102.690521 8
35.268345 -102.755524 8
35.339653 -102.706223 8
35.278824 -102.715614 8
35.303154 -102.694199 8
35.293026 -102.710571 8
35.331703 -102.718323 8
35.332844 -102.687691 8
35.317245 -102.687134 8
35.281464 -102.721107 8
35.275944 -102.731529 8
35.300053 -102.739159 8
35.293396 -102.763031 8
35.324913 -102.70295 8
35.280346 -102.739494 8
35.318573 -102.68985 8
35.321476 -102.722313 8
35.280525 -102.764801 8
35.298023 -102.67527 8
35.278675 -102.677429 8
35.337906 -102.692947 8
35.290035 -102.703918 8
35.295673 -102.716469 8
35.302185 -102.683113 8
35.328606 -102.710579 8
35.339684 -102.70002 8
35.325596 -102.540894 6
35.276794 -102.444893 3
35.311695 -102.500488 3
35.269493 -102.42379 3
35.318092 -102.446793 6
35.333492 -102.507492 6
35.299393 -102.515694 3
35.332394 -102.504494 6
35.314793 -102.51049 3
35.316093 -102.440994 6
35.307171 -102.416084 6
35.319195 -102.449692 6
35.286896 -102.480293 3
35.291893 -102.494591 3
35.300392 -102.396889 6
35.313694 -102.507195 3
35.308167 -102.418915 6
35.312492 -102.503891 3
35.336914 -102.490234 6
35.301895 -102.52269 3
35.324593 -102.537788 6
35.311493 -102.428192 6
35.310295 -102.424789 6
35.289394 -102.487389 3
35.290695 -102.49099 3
35.309189 -102.421799 6
35.335793 -102.48719 6
35.280396 -102.454994 3
35.317093 -102.443893 6
35.271996 -102.431389 3
35.333694 -102.481094 6
35.288193 -102.483788 3
35.300694 -102.519188 6
35.293293 -102.498291 3
35.303593 -102.40609 6
35.301495 -102.399994 6
35.334595 -102.51059 6
35.331486 -102.474953 6
35.298195 -102.512192 3
35.317696 -102.518593 3
35.303192 -102.526192 3
35.284294 -102.47319 3
35.323494 -102.53479 6
35.337994 -102.493294 6
35.269196 -102.420189 3
35.299294 -102.39389 6
35.304695 -102.409187 6
35.320053 -102.525169 3
35.279095 -102.451591 3
35.321194 -102.528389 3
35.277992 -102.448189 3
35.270794 -102.428093 3
35.274395 -102.438194 3
35.318893 -102.521889 3
35.295692 -102.505188 3
35.296993 -102.50869 3
35.294495 -102.501793 3
35.315094 -102.438194 6
35.332596 -102.478088 6
35.315994 -102.513695 3
35.312794 -102.431793 6
35.305794 -102.412193 6
35.285595 -102.476692 3
35.322292 -102.531693 6
35.339085 -102.496353 6
35.326694 -102.543991 6
35.314095 -102.435287 6
35.302494 -102.403091 6
35.334793 -102.484192 6
35.275593 -102.44149 3
35.301495 -102.32579 10
35.273994 -102.271988 10
35.283195 -102.310989 10
35.302795 -102.35479 10
35.306595 -102.315193 10
35.286095 -102.317894 10
35.311394 -102.370995 10
35.281994 -102.280594 10
35.254993 -102.254089 10
35.264194 -102.249794 10
35.296894 -102.338593 10
35.262493 -102.246391 10
35.310192 -102.351189 10
35.305492 -102.31279 10
35.289696 -102.345688 10
35.265194 -102.273094 10
35.293495 -102.35479 10
35.282894 -102.267288 10
35.283592 -102.26429 10
35.284096 -102.297691 10
35.294292 -102.308693 10
35.296494 -102.289391 10
35.304295 -102.331291 10
35.304993 -102.296089 10
35.294994 -102.31089 10
35.299892 -102.343788 10
35.284195 -102.313789 10
35.269894 -102.242294 10
35.304592 -102.293694 10
35.261593 -102.24379 10
35.255993 -102.256889 10
35.274094 -102.275589 10
35.287792 -102.339989 10
35.310493 -102.368294 10
35.301792 -102.352089 10
35.297894 -102.341393 10
35.257095 -102.259689 10
35.283592 -102.28759 10
35.309692 -102.36599 10
35.303795 -102.357689 10
35.264194 -102.270294 10
35.290195 -102.329193 10
35.272896 -102.245392 10
35.295895 -102.335892 10
35.304993 -102.290993 10
35.292595 -102.302994 10
35.258095 -102.262489 10
35.308193 -102.361893 10
35.290894 -102.348389 10
35.274094 -102.278893 10
35.285294 -102.292191 10
35.285095 -102.300392 10
35.309296 -102.348289 10
35.259094 -102.265289 10
35.298195 -102.320892 10
35.284393 -102.289894 10
35.291893 -102.351189 10
35.304893 -102.310493 10
35.286694 -102.337288 10
35.308895 -102.363892 10
35.282696 -102.285194 10
35.287094 -102.320694 10
35.289192 -102.326294 10
35.263096 -102.267494 10
35.288094 -102.323494 10
35.299995 -102.322693 10
35.288895 -102.342789 10
35.265594 -102.252792 10
35.282295 -102.28289 10
35.302692 -102.329094 10
