35.330524 -102.715813 8
35.271343 -102.761032 8
35.315926 -102.684402 8
35.291534 -102.760124 8
35.309322 -102.706383 8
35.298626 -102.736488 8
35.297066 -102.71946 8
35.279163 -102.696098 8
35.288586 -102.75531 8
35.305614 -102.699043 8
35.316765 -102.721069 8
35.300472 -102.727188 8
35.302933 -102.744537 8
35.27787 -102.693512 8
35.291634 -102.707458 8
35.277309 -102.712463 8
35.281204 -102.682449 8
35.292984 -102.770714 8
35.301434 -102.779327 8
35.313004 -102.713661 8
35.332855 -102.72081 8
35.300953 -102.680779 8
35.334023 -102.723297 8
35.304382 -102.696617 8
35.282825 -102.745949 8
35.323666 -102.700401 8
35.294365 -102.713554 8
35.338825 -102.696541 8
35.290146 -102.757851 8
35.279915 -102.679893 8
35.306835 -102.701469 8
35.281574 -102.741974 8
35.304394 -102.747269 8
35.327385 -102.708061 8
35.301346 -102.741592 8
35.299484 -102.677994 8
35.280502 -102.698692 8
35.285706 -102.750641 8
35.321163 -102.695229 8
35.294495 -102.773117 8
35.299355 -102.72464 8
35.277435 -102.67498 8
35.284256 -102.748291 8
35.300713 -102.689369 8
35.310555 -102.708809 8
35.298183 -102.722069 8
35.281864 -102.701332 8
35.269875 -102.758339 8
35.323025 -102.724854 8
35.322453 -102.697861 8
35.282036 -102.767517 8
35.279076 -102.736954 8
35.331383 -102.684898 8
35.280266 -102.718582 8
35.287144 -102.752983 8
35.315495 -102.718575 8
35.282475 -102.684959 8
35.294853 -102.765518 8
35.308083 -102.703918 8
35.299873 -102.776894 8
35.311783 -102.711243 8
35.329823 -102.713081 8
35.301926 -102.691772 8
35.326164 -102.705513 8
35.306164 -102.753914 8
35.277466 -102.734261 8
35.304886 -102.750801 8
35.272736 -102.763588 8
35.314236 -102.71608 8
35.319874 -102.692551 8
35.298283 -102.774445 8
35.334305 -102.690521 8
35.268345 -102.755524 8
35.339653 -102.706223 8
35.278824 -102.715614 8
35.303154 -102.694199 8
35.293026 -102.710571 8
35.331703 -102.718323 8
35.332844 -102.687691 8
35.317245 -102.687134 8
35.281464 -102.721107 8
35.275944 -102.731529 8
35.300053 -102.739159 8
35.293396 -102.763031 8
35.324913 -102.70295 8
35.280346 -102.739494 8
35.318573 -102.68985 8
35.321476 -102.722313 8
35.280525 -102.764801 8
35.298023 -102.67527 8
35.278675 -102.677429 8
35.337906 -102.692947 8
35.290035 -102.703918 8
35.295673 -102.716469 8
35.302185 -102.683113 8
35.328606 -102.710579 8
35.339684 -102.70002 8
