37.495796 -99.935722 1
37.484108 -99.991562 1
37.506557 -99.968254 1
37.506374 -99.973152 1
37.493908 -99.994995 1
37.483635 -99.949242 1
37.494682 -99.999641 1
37.492725 -99.931297 1
37.467636 -99.893112 1
37.494431 -99.949547 1
37.505859 -99.936371 1
37.506767 -99.963364 1
37.494755 -99.967827 1
37.494431 -100.009491 1
37.483135 -99.995674 1
37.46769 -99.885765 1
37.505833 -99.931572 1
37.494541 -100.013672 1
37.49527 -99.945099 1
37.495106 -99.981636 1
37.494457 -99.958656 1
37.458378 -99.908325 1
37.458096 -99.903992 1
37.506065 -99.94101 1
37.468826 -99.971695 1
37.464062 -99.922043 1
37.493763 -99.972115 1
37.494526 -99.963676 1
37.464088 -99.949493 1
37.506351 -99.977509 1
37.468094 -99.965408 1
37.506008 -99.926712 1
37.506138 -99.981636 1
37.491318 -99.910446 1
37.505566 -99.957123 1
37.495071 -99.986122 1
37.506729 -99.986511 1
37.481823 -99.941063 1
37.482376 -99.957268 1
37.494404 -100.004852 1
37.506218 -99.951202 1
37.473625 -99.957542 1
37.496265 -99.976715 1
37.494919 -99.940269 1
37.464607 -99.935486 1
37.464203 -99.944916 1
37.482315 -99.96788 1
37.494019 -99.926682 1
37.505924 -99.946236 1
37.494495 -99.954124 1
37.493996 -99.990509 1
37.49762 -99.908554 1
37.482235 -99.972466 1
37.494209 -99.921951 1
37.361137 -99.914146 2
37.391613 -99.934273 2
37.361652 -99.932907 2
37.375332 -99.877556 2
37.361805 -99.937622 2
37.357521 -99.909126 2
37.395527 -99.858002 2
37.378273 -99.93705 2
37.376453 -99.81752 2
37.377644 -99.89122 2
37.352383 -99.912315 2
37.375942 -99.873001 2
37.401855 -99.864639 2
37.406227 -99.856171 2
37.357132 -99.82869 2
37.37822 -99.886803 2
37.409084 -99.852379 2
37.34634 -99.938644 2
37.398552 -99.849731 2
37.391666 -99.905701 2
37.385075 -99.863708 2
37.376652 -99.926529 2
37.376072 -99.917358 2
37.359932 -99.869629 2
37.389641 -99.895988 2
37.344048 -99.935158 2
37.367123 -99.909462 2
37.370487 -99.913139 2
37.366367 -99.9048 2
37.390369 -99.930267 2
37.392216 -99.915802 2
37.361084 -99.842186 2
37.395073 -99.839928 2
37.348522 -99.89444 2
37.398502 -99.845123 2
37.343952 -99.819611 2
37.345974 -99.921265 2
37.334244 -99.942093 2
37.333488 -99.898766 2
37.363796 -99.884773 2
37.389523 -99.874718 2
37.345428 -99.930626 2
37.374832 -99.840828 2
37.375141 -99.84549 2
37.378349 -99.942497 2
37.376141 -99.854294 2
37.378952 -99.902527 2
37.375072 -99.849815 2
37.391716 -99.938606 2
37.342339 -99.925797 2
37.359642 -99.831909 2
37.377697 -99.822838 2
37.389519 -99.879768 2
37.37476 -99.836166 2
37.361298 -99.923035 2
37.375797 -99.863564 2
37.386852 -99.882813 2
37.335953 -99.952515 2
37.398312 -99.837357 2
37.334412 -99.937492 2
37.375763 -99.858963 2
37.398861 -99.861198 2
37.347008 -99.898567 2
37.333706 -99.890617 2
37.361206 -99.89489 2
37.36171 -99.889595 2
37.376152 -99.932053 2
37.376888 -99.831848 2
37.361378 -99.928284 2
37.391911 -99.892426 2
37.360153 -99.860641 2
37.399574 -99.880356 2
37.375835 -99.868118 2
37.376648 -99.826942 2
37.361244 -99.851105 2
37.37608 -99.921974 2
37.377956 -99.882462 2
37.402046 -99.872643 2
37.385105 -99.868553 2
37.364803 -99.874321 2
37.361233 -99.855881 2
37.335068 -99.894699 2
37.361107 -99.899475 2
37.362194 -99.918579 2
37.391731 -99.910782 2
37.361103 -99.846542 2
37.377541 -99.896797 2
37.348106 -99.82206 2
37.344269 -99.942383 2
37.395416 -99.853508 2
37.359123 -99.865089 2
37.345959 -99.816162 2
37.390724 -99.920334 2
37.347004 -99.90313 2
37.398346 -99.831909 2
37.391933 -99.924706 2
37.335659 -99.94857 2
37.350613 -99.916389 2
37.37598 -100.008644 2
37.38036 -100.043999 2
37.378571 -100.021416 2
37.379372 -100.035126 2
37.376972 -99.993622 2
37.347519 -99.963142 2
37.363132 -100.053795 2
37.359127 -100.081703 2
37.377357 -99.955864 2
37.378754 -100.030556 2
37.346516 -99.988785 2
37.389969 -99.975601 2
37.363205 -100.06749 2
37.380306 -100.039452 2
37.348743 -100.025291 2
37.333111 -100.028122 2
37.348709 -100.033798 2
37.37849 -100.016891 2
37.379379 -100.0625 2
37.37793 -100.075996 2
37.381073 -100.053589 2
37.378014 -100.085091 2
37.362961 -99.965942 2
37.363705 -100.012604 2
37.377518 -99.960175 2
37.391823 -99.985504 2
37.363445 -100.022606 2
37.36311 -99.974983 2
37.349632 -99.979767 2
37.347477 -99.971642 2
37.391754 -99.947823 2
37.376732 -99.974014 2
37.377106 -99.946762 2
37.362103 -99.952309 2
37.348026 -99.951126 2
37.36422 -100.031837 2
37.376644 -99.969437 2
37.347569 -99.967415 2
37.360641 -100.089745 2
37.377132 -99.983246 2
37.376785 -99.978561 2
37.359478 -100.077461 2
37.362221 -99.956665 2
37.361961 -99.94751 2
37.378841 -100.057793 2
37.363327 -100.071808 2
37.37706 -99.998154 2
37.363522 -100.040794 2
37.360844 -100.085518 2
37.330532 -100.036247 2
37.36311 -100.062996 2
37.390141 -99.970787 2
37.364819 -100.003609 2
37.346466 -99.998085 2
37.349358 -100.020889 2
37.338219 -100.021225 2
37.36412 -100.027222 2
37.34708 -100.029091 2
37.378731 -100.004517 2
37.326954 -100.040367 2
37.363369 -100.036003 2
37.36319 -99.984497 2
37.393642 -99.966743 2
37.378094 -100.089691 2
37.36351 -99.993851 2
37.392445 -99.980484 2
37.364937 -100.008034 2
37.377972 -100.080589 2
37.376614 -99.964905 2
37.347446 -100.016434 2
37.377193 -99.951317 2
37.378666 -100.026016 2
37.36348 -100.04509 2
37.362232 -99.979378 2
37.362938 -99.97049 2
37.347309 -99.955589 2
37.39357 -99.962181 2
37.347332 -99.946693 2
37.346722 -99.983925 2
37.38084 -100.067024 2
37.365299 -99.989403 2
37.378357 -100.012329 2
37.391644 -99.956932 2
37.363052 -100.058411 2
37.381237 -100.048943 2
37.363583 -99.99823 2
37.377174 -99.988419 2
37.346539 -99.993591 2
37.349831 -99.958878 2
37.348438 -100.0037 2
37.33707 -100.025543 2
37.391136 -99.952522 2
37.348629 -99.9757 2
37.362343 -99.961159 2
37.347374 -100.011696 2
37.363754 -100.016945 2
37.363163 -100.049393 2
37.379013 -100.071594 2
37.350349 -100.007072 2
37.333374 -100.032547 2
37.407154 -99.975563 3
37.440845 -99.967621 3
37.405212 -99.929611 3
37.429501 -99.989265 3
37.425869 -100.049805 3
37.427471 -100.044159 3
37.406334 -99.935211 3
37.419643 -99.981171 3
37.411552 -100.030968 3
37.418652 -99.986237 3
37.406662 -99.95668 3
37.393276 -100.05513 3
37.426735 -99.999893 3
37.406746 -100.000244 3
37.410313 -99.914536 3
37.40517 -99.924248 3
37.406563 -99.988541 3
37.414368 -100.043877 3
37.392654 -100.023804 3
37.427387 -99.994492 3
37.392471 -100.077866 3
37.405201 -99.98188 3
37.424301 -100.057755 3
37.410801 -100.024513 3
37.415443 -100.049744 3
37.423203 -100.063271 3
37.426426 -100.025948 3
37.443985 -99.909592 2
37.427414 -99.975677 3
37.407276 -100.058372 3
37.434948 -99.92627 2
37.412243 -100.005196 3
37.426022 -100.038536 3
37.410252 -100.019432 3
37.408283 -99.919846 3
37.417194 -100.079178 3
37.440605 -99.973145 3
37.440212 -99.948669 3
37.438358 -99.962639 3
37.426769 -100.005653 3
37.446609 -99.920578 2
37.406818 -100.086044 3
37.44696 -99.914612 2
37.406399 -99.941109 3
37.440163 -99.942787 2
37.426437 -99.969559 3
37.436672 -99.938995 3
37.446808 -99.926125 2
37.393452 -100.067368 3
37.396217 -100.086021 3
37.407948 -100.09697 2
37.40736 -99.994698 3
37.406956 -99.968361 3
37.404972 -99.946053 3
37.439289 -99.896912 2
37.407986 -100.068954 3
37.435169 -99.933128 2
37.421124 -100.068695 3
37.405888 -99.951202 3
37.409245 -100.063377 3
37.443768 -99.901352 2
37.406494 -100.074715 3
37.406166 -99.962456 3
37.406944 -100.080589 3
37.419121 -100.073898 3
37.391773 -100.072586 3
37.434227 -99.920067 2
37.395893 -100.019241 3
37.426796 -100.011826 3
37.415611 -100.036865 2
37.412518 -100.01207 3
37.393925 -100.049591 3
37.425816 -100.031487 3
37.394085 -100.061485 3
37.859295 -100.306992 4
37.879593 -100.27169 4
37.858494 -100.316093 4
37.879696 -100.298492 4
37.864094 -100.234993 4
37.860195 -100.311295 4
37.850193 -100.256294 4
37.879795 -100.32209 4
37.879593 -100.261993 4
37.893394 -100.270691 4
37.879795 -100.326294 4
37.893494 -100.284492 4
37.880394 -100.23349 4
37.893295 -100.26609 4
37.863792 -100.280289 4
37.864594 -100.266594 4
37.848194 -100.28849 4
37.893394 -100.279892 4
37.891895 -100.302788 4
37.848194 -100.307991 4
37.879593 -100.280388 4
37.850395 -100.259789 4
37.879593 -100.293991 4
37.864262 -100.230484 4
37.891693 -100.233391 4
37.849594 -100.272392 4
37.879894 -100.316589 4
37.848095 -100.292488 4
37.848194 -100.303787 4
37.893494 -100.238892 4
37.891693 -100.229195 4
37.879593 -100.289391 4
37.862595 -100.289093 4
37.893192 -100.252289 4
37.893093 -100.247688 4
37.879593 -100.251289 4
37.879696 -100.303192 4
37.864796 -100.253792 4
37.864796 -100.284988 4
37.879593 -100.276291 4
37.878193 -100.237793 4
37.892994 -100.293594 4
37.849792 -100.251991 4
37.859592 -100.297691 4
37.864594 -100.249092 4
37.879295 -100.242188 4
37.879494 -100.246788 4
37.893394 -100.275291 4
37.849895 -100.24749 4
37.863693 -100.271194 4
37.879696 -100.307793 4
37.892895 -100.243889 4
37.859295 -100.302391 4
37.863792 -100.275688 4
37.848694 -100.280594 4
37.864395 -100.244392 4
37.893593 -100.289093 4
37.891895 -100.298187 4
37.880394 -100.312187 4
37.879494 -100.26709 4
37.860695 -100.293289 4
37.864796 -100.257889 4
37.849693 -100.276794 4
37.863995 -100.239693 4
37.879894 -100.229195 4
37.847492 -100.284592 4
37.893192 -100.256889 4
37.879593 -100.284889 4
37.879593 -100.257393 4
37.893192 -100.26149 4
37.864494 -100.262093 4
37.848495 -100.29879 4
37.927494 -100.398788 4
37.935894 -100.343292 4
37.886696 -100.371887 4
37.882893 -100.424789 4
37.950092 -100.328995 4
37.867294 -100.422493 4
37.872593 -100.389191 4
37.886192 -100.376488 4
37.901295 -100.371689 4
37.872692 -100.403091 4
37.869595 -100.413391 4
37.901493 -100.38559 4
37.902794 -100.394394 4
37.927193 -100.379791 4
37.935894 -100.352188 4
37.901894 -100.408295 4
37.936893 -100.32959 4
37.937294 -100.324989 4
37.872593 -100.398491 4
37.850693 -100.426689 4
37.850895 -100.403389 4
37.886494 -100.385689 4
37.938393 -100.333389 4
37.886093 -100.381088 4
37.850895 -100.398788 4
37.927494 -100.394188 4
37.927193 -100.375191 4
37.869095 -100.418289 4
37.951294 -100.324593 4
37.865295 -100.42659 4
37.850895 -100.394188 4
37.952393 -100.32029 4
37.901196 -100.367088 4
37.901493 -100.38089 4
37.850796 -100.421989 4
37.882893 -100.419693 4
37.850796 -100.412689 4
37.886696 -100.367393 4
37.927193 -100.384392 4
37.901394 -100.376289 4
37.952694 -100.315392 4
37.902493 -100.398788 4
37.872593 -100.38459 4
37.872795 -100.408493 4
37.927193 -100.363991 4
37.850796 -100.417389 4
37.927193 -100.36879 4
37.872593 -100.39389 4
37.902294 -100.389992 4
37.883293 -100.414688 4
37.902294 -100.403191 4
37.850895 -100.408089 4
37.937492 -100.320595 4
37.927193 -100.389389 4
37.935593 -100.347794 4
37.886494 -100.390488 4
37.934994 -100.357292 4
37.604492 -100.248795 4
37.612995 -100.292191 4
37.619595 -100.309288 4
37.603394 -100.309288 4
37.599396 -100.22509 4
37.630592 -100.259995 4
37.603294 -100.327988 4
37.619495 -100.321793 4
37.630695 -100.298393 4
37.604893 -100.235992 4
37.611595 -100.218887 4
37.604492 -100.255295 4
37.612995 -100.298492 4
37.614494 -100.284889 4
37.601093 -100.285294 4
37.599396 -100.231888 4
37.630493 -100.253693 4
37.600693 -100.218193 4
37.600895 -100.298187 4
37.614494 -100.272392 4
37.630592 -100.26619 4
37.603294 -100.321793 4
37.600292 -100.278488 4
37.614494 -100.278694 4
37.612995 -100.304688 4
37.604492 -100.261589 4
37.604492 -100.267792 4
37.611694 -100.231392 4
37.619495 -100.327988 4
37.630695 -100.278694 4
37.630695 -100.284889 4
37.619495 -100.31559 4
37.614395 -100.26619 4
37.630592 -100.272392 4
37.603294 -100.33429 4
37.611694 -100.225189 4
37.600292 -100.272293 4
37.600994 -100.291992 4
37.619392 -100.33429 4
37.604893 -100.242188 4
37.603294 -100.31559 4
37.630695 -100.291092 4
37.619392 -100.340591 4
37.613293 -100.376389 5
37.613396 -100.369293 5
37.586452 -100.404251 5
37.613194 -100.406288 5
37.598892 -100.365791 5
37.613495 -100.372787 5
37.585293 -100.383987 5
37.613194 -100.39859 5
37.598694 -100.354691 5
37.592293 -100.382294 5
37.634293 -100.40049 5
37.577671 -100.413155 5
37.598892 -100.372894 5
37.592293 -100.376488 5
37.642296 -100.403992 5
37.592319 -100.385887 5
37.634396 -100.382195 5
37.641594 -100.385689 5
37.592293 -100.372993 5
37.598892 -100.362289 5
37.620594 -100.38929 5
37.648895 -100.394493 5
37.577694 -100.40229 5
37.598892 -100.374687 5
37.592293 -100.371193 5
37.586494 -100.398788 5
37.598892 -100.376488 5
37.642494 -100.369194 5
37.620594 -100.39109 5
37.620693 -100.387489 5
37.641594 -100.396393 5
37.641693 -100.382195 5
37.620594 -100.414787 5
37.592396 -100.369392 5
37.577717 -100.392937 5
37.577694 -100.398788 5
37.613194 -100.409393 5
37.648895 -100.389191 5
37.586494 -100.40229 5
37.613293 -100.36219 5
37.586491 -100.411217 5
37.634293 -100.398689 5
37.642296 -100.400391 5
37.586494 -100.412994 5
37.592396 -100.36409 5
37.577694 -100.407692 5
37.586494 -100.409393 5
37.613293 -100.374588 5
37.586494 -100.407593 5
37.605293 -100.347893 5
37.605293 -100.346092 5
37.592293 -100.378288 5
37.620792 -100.356293 5
37.642494 -100.367393 5
37.649094 -100.368889 5
37.577705 -100.394745 5
37.642494 -100.370995 5
37.634396 -100.387489 5
37.642395 -100.361992 5
37.585293 -100.380493 5
37.613495 -100.365692 5
37.620693 -100.411194 5
37.620594 -100.359894 5
37.592396 -100.367592 5
37.612892 -100.351089 5
37.585293 -100.39109 5
37.634281 -100.396408 5
37.586494 -100.40049 5
37.577694 -100.405891 5
37.648994 -100.362091 5
37.634396 -100.383987 5
37.613194 -100.383987 5
37.577694 -100.385895 5
37.649014 -100.370674 5
37.577694 -100.384094 5
37.598892 -100.363991 5
37.641693 -100.387489 5
37.613251 -100.412949 5
37.585293 -100.396492 5
37.585293 -100.392891 5
37.634396 -100.380394 5
37.598694 -100.356491 5
37.577694 -100.396492 5
37.613194 -100.380394 5
37.613293 -100.356392 5
37.592293 -100.387589 5
37.598892 -100.369392 5
37.605293 -100.351395 5
37.641693 -100.383987 5
37.605293 -100.349594 5
37.598713 -100.347115 5
37.642494 -100.372688 5
37.641594 -100.394592 5
37.577694 -100.382294 5
37.585293 -100.394691 5
37.612995 -100.345688 5
37.586452 -100.414856 5
37.577694 -100.389389 5
37.613396 -100.414787 5
37.620594 -100.392792 5
37.613293 -100.382195 5
37.648895 -100.392792 5
37.612995 -100.349289 5
37.620594 -100.352791 5
37.634293 -100.392891 5
37.592293 -100.380493 5
37.620693 -100.40229 5
37.634293 -100.39109 5
37.620495 -100.398788 5
37.592293 -100.374794 5
37.620495 -100.40049 5
37.642494 -100.376289 5
37.577694 -100.400589 5
37.620594 -100.358093 5
37.592396 -100.362289 5
37.634293 -100.38929 5
37.577694 -100.39119 5
37.620693 -100.385689 5
37.613396 -100.371094 5
37.613293 -100.354591 5
37.620495 -100.394592 5
37.577591 -100.409477 5
37.592396 -100.365791 5
37.598713 -100.348938 5
37.598694 -100.360092 5
37.592293 -100.384094 5
37.585293 -100.382195 5
37.585293 -100.385788 5
37.620495 -100.412994 5
37.613293 -100.358192 5
37.642296 -100.405693 5
37.634293 -100.394691 5
37.577694 -100.380493 5
37.577591 -100.411255 5
37.620693 -100.405891 5
37.598713 -100.350677 5
37.620693 -100.404091 5
37.598633 -100.352417 5
37.585293 -100.389389 5
37.612877 -100.347481 5
37.642296 -100.402191 5
37.613495 -100.367493 5
37.641594 -100.38929 5
37.586494 -100.405792 5
37.620693 -100.409393 5
37.598892 -100.367592 5
37.577694 -100.404091 5
37.598892 -100.378288 5
37.577694 -100.387589 5
37.613194 -100.411194 5
37.613194 -100.400391 5
37.620594 -100.396393 5
37.641594 -100.392792 5
37.613293 -100.352791 5
37.642296 -100.39859 5
37.641594 -100.39109 5
37.605293 -100.344292 5
37.613293 -100.359894 5
37.613293 -100.378189 5
37.620792 -100.354492 5
37.585293 -100.387589 5
37.634281 -100.385841 5
37.648895 -100.390991 5
37.598694 -100.358292 5
37.634293 -100.402191 5
37.648895 -100.38739 5
37.613293 -100.363991 5
37.642395 -100.363792 5
37.598892 -100.371094 5
37.620693 -100.407692 5
37.816395 -99.811493 4
37.828896 -99.76609 4
37.828995 -99.78009 4
37.828693 -99.750694 4
37.812794 -99.821091 4
37.835693 -99.737991 4
37.809296 -99.830589 4
37.846092 -99.745689 4
37.808292 -99.790092 4
37.815693 -99.740189 4
37.808193 -99.779892 4
37.808792 -99.765793 4
37.808094 -99.79409 4
37.801395 -99.807594 4
37.790695 -99.731392 4
37.816296 -99.727089 4
37.838696 -99.765594 4
37.779495 -99.734589 4
37.816296 -99.754189 4
37.828693 -99.775192 4
37.780594 -99.752594 4
37.838593 -99.76989 4
37.801395 -99.812187 4
37.848095 -99.737488 4
37.828594 -99.746788 4
37.818295 -99.771194 4
37.827694 -99.756187 4
37.818295 -99.766991 4
37.847095 -99.733093 4
37.809093 -99.770088 4
37.808495 -99.761688 4
37.779995 -99.757591 4
37.835793 -99.742188 4
37.793995 -99.751595 4
37.808193 -99.774788 4
37.780094 -99.713287 4
37.779995 -99.71769 4
37.818295 -99.762794 4
37.779995 -99.721794 4
37.790695 -99.735794 4
37.780792 -99.747292 4
37.811092 -99.82579 4
37.819195 -99.781593 4
37.805294 -99.746887 4
37.790695 -99.739891 4
37.838593 -99.773994 4
37.816395 -99.732094 4
37.827793 -99.760391 4
37.828693 -99.770691 4
37.805294 -99.751289 4
37.793995 -99.745491 4
37.816093 -99.716888 4
37.847095 -99.727989 4
37.841793 -99.749588 4
37.816193 -99.794693 4
37.827995 -99.79229 4
37.805294 -99.755592 4
37.816395 -99.805588 4
37.816296 -99.749992 4
37.816193 -99.758392 4
37.816296 -99.798988 4
37.808292 -99.785988 4
37.819294 -99.785591 4
37.816296 -99.745888 4
37.818295 -99.775391 4
37.828693 -99.784889 4
37.827995 -99.79689 4
37.816193 -99.735992 4
37.847294 -99.741692 4
37.779392 -99.738388 4
37.816296 -99.721588 4
37.790695 -99.727287 4
37.814594 -99.816292 4
37.520695 -99.483192 6
37.496895 -99.421593 6
37.535892 -99.444588 6
37.496593 -99.47419 6
37.498196 -99.461891 6
37.495693 -99.415894 6
37.535393 -99.464691 6
37.496494 -99.418694 6
37.535393 -99.461494 6
37.509094 -99.41539 6
37.507996 -99.434792 6
37.507996 -99.42469 6
37.532894 -99.480293 6
37.509094 -99.418694 6
37.515995 -99.456192 6
37.535694 -99.441193 6
37.496994 -99.441689 6
37.545094 -99.44149 6
37.496796 -99.428093 6
37.522995 -99.468193 6
37.545193 -99.438194 6
37.545193 -99.434891 6
37.510693 -99.477089 6
37.520695 -99.486488 6
37.545094 -99.44529 6
37.515495 -99.449493 6
37.535393 -99.431694 6
37.496994 -99.454788 6
37.520794 -99.479889 6
37.523994 -99.464394 6
37.495693 -99.412888 6
37.507996 -99.428192 6
37.497093 -99.448288 6
37.497093 -99.444992 6
37.533092 -99.47699 6
37.510693 -99.473793 6
37.537895 -99.424393 6
37.510693 -99.46759 6
37.535294 -99.47229 6
37.509693 -99.486893 6
37.523792 -99.460793 6
37.516094 -99.446487 6
37.522194 -99.471291 6
37.509693 -99.480392 6
37.496796 -99.424789 6
37.497093 -99.437988 6
37.497093 -99.434692 6
37.509693 -99.483589 6
37.510693 -99.470688 6
37.535294 -99.438591 6
37.515392 -99.452888 6
37.507996 -99.431488 6
37.496593 -99.470894 6
37.497093 -99.451591 6
37.509693 -99.489693 6
37.520794 -99.476593 6
37.537895 -99.421188 6
37.498196 -99.458588 6
37.507496 -99.437988 6
37.535393 -99.434792 6
37.497593 -99.431389 6
37.495693 -99.408791 6
37.515694 -99.443192 6
37.496593 -99.46769 6
37.535393 -99.468391 6
37.887444 -99.738121 7
37.865292 -99.773598 7
37.887146 -99.732407 7
37.872494 -99.769394 7
37.879948 -99.722771 7
37.872456 -99.766312 7
37.859413 -99.769287 7
37.887505 -99.750793 7
37.872456 -99.755844 7
37.865292 -99.777481 7
37.859467 -99.784439 7
37.880009 -99.718903 7
37.880245 -99.759178 7
37.851681 -99.787209 7
37.880009 -99.725868 7
37.880013 -99.777481 7
37.851593 -99.779793 7
37.872791 -99.783318 7
37.872494 -99.763092 7
37.893692 -99.75531 7
37.872795 -99.77359 7
37.879948 -99.729256 7
37.880188 -99.76667 7
37.880363 -99.750847 7
37.88007 -99.744362 7
37.880013 -99.781372 7
37.880013 -99.784988 7
37.887753 -99.765419 7
37.887505 -99.741806 7
37.873348 -99.725334 7
37.872753 -99.749779 7
37.873287 -99.728836 7
37.859459 -99.763878 7
37.865292 -99.769432 7
37.872753 -99.745552 7
37.865292 -99.766098 7
37.859467 -99.787491 7
37.865295 -99.780716 7
37.865292 -99.787766 7
37.859413 -99.777039 7
37.872791 -99.787209 7
37.887207 -99.725273 7
37.880306 -99.747879 7
37.851692 -99.773293 7
37.873287 -99.721527 7
37.887684 -99.762215 7
37.887268 -99.729317 7
37.880013 -99.774147 7
37.893513 -99.765366 7
37.873348 -99.718605 7
37.89357 -99.757813 7
37.859459 -99.760262 7
37.872791 -99.78006 7
37.880306 -99.736748 7
37.851692 -99.78299 7
37.893215 -99.769112 7
37.865292 -99.762489 7
37.859367 -99.774139 7
37.872456 -99.759834 7
37.880127 -99.740204 7
37.851692 -99.77639 7
37.89357 -99.761856 7
37.887863 -99.758705 7
37.887386 -99.745552 7
37.872791 -99.777206 7
37.880245 -99.762215 7
37.865292 -99.784706 7
37.865395 -99.834991 6
37.873093 -99.803192 6
37.824696 -99.88459 6
37.865395 -99.810089 6
37.836693 -99.830589 6
37.827595 -99.875793 6
37.849594 -99.883392 6
37.812893 -99.840591 6
37.833492 -99.82399 6
37.862793 -99.842995 6
37.851494 -99.868591 6
37.838696 -99.879494 6
37.820694 -99.853294 6
37.873795 -99.819695 6
37.879295 -99.792191 6
37.829693 -99.866493 6
37.815895 -99.885391 6
37.853695 -99.83799 6
37.824593 -99.841393 6
37.801895 -99.885292 6
37.861595 -99.852692 6
37.842793 -99.872787 6
37.879894 -99.823891 6
37.839092 -99.842888 6
37.801792 -99.880188 6
37.824593 -99.881187 6
37.882496 -99.800293 6
37.837795 -99.846893 6
37.809093 -99.876289 6
37.867195 -99.824493 6
37.867393 -99.856094 6
37.827194 -99.816292 6
37.816395 -99.877388 6
37.808994 -99.860992 6
37.814495 -99.835594 6
37.856693 -99.819588 6
37.875393 -99.812187 6
37.816692 -99.846992 6
37.871895 -99.859589 6
37.839092 -99.865791 6
37.851593 -99.805191 6
37.848995 -99.888695 6
37.808994 -99.871391 6
37.866093 -99.815491 6
37.809193 -99.882393 6
37.853596 -99.830894 6
37.850094 -99.79509 6
37.824493 -99.83049 6
37.880592 -99.80529 6
37.830994 -99.859093 6
37.817196 -99.872093 6
37.865295 -99.800392 6
37.866795 -99.828392 6
37.834393 -99.852592 6
37.809296 -99.853188 6
37.849495 -99.824188 6
37.832993 -99.805794 6
37.809193 -99.866989 6
37.828594 -99.87059 6
37.850494 -99.872787 6
37.819294 -99.858292 6
37.815292 -99.86409 6
37.858093 -99.847588 6
37.873993 -99.713493 7
37.879993 -99.685089 7
37.871494 -99.682487 7
37.881992 -99.711792 7
37.880093 -99.682594 7
37.864494 -99.730392 7
37.860794 -99.743294 7
37.864796 -99.721992 7
37.889793 -99.709488 7
37.866993 -99.709389 7
37.867294 -99.704994 7
37.867195 -99.714188 7
37.871395 -99.689293 7
37.871693 -99.686493 7
37.889893 -99.713593 7
37.864693 -99.724792 7
37.867493 -99.701393 7
37.875694 -99.707291 7
37.882095 -99.714294 7
37.882793 -99.704994 7
37.882595 -99.707687 7
37.860695 -99.748489 7
37.879894 -99.687691 7
37.860794 -99.737488 7
37.878895 -99.695992 7
37.864895 -99.719093 7
37.871395 -99.691994 7
37.860794 -99.740395 7
37.878895 -99.693588 7
37.864494 -99.727692 7
37.860794 -99.745888 7
37.874695 -99.710594 7
37.856216 -99.609367 4
37.830235 -99.696533 4
37.845345 -99.718697 4
37.908539 -99.614243 4
37.845039 -99.64566 4
37.885521 -99.631424 4
37.857304 -99.613594 4
37.850487 -99.673004 4
37.82893 -99.668869 4
37.878174 -99.590752 4
37.907791 -99.60466 4
37.845459 -99.623146 4
37.846264 -99.710167 4
37.878353 -99.582336 4
37.8344 -99.710213 4
37.879318 -99.650871 4
37.907669 -99.586273 4
37.834328 -99.714821 4
37.872902 -99.627159 4
37.859474 -99.645493 4
37.896702 -99.62693 4
37.843758 -99.650185 4
37.877735 -99.67498 4
37.859558 -99.682114 4
37.873894 -99.622231 4
37.874283 -99.617844 4
37.85928 -99.627754 4
37.815819 -99.666252 4
37.894852 -99.636414 4
37.84584 -99.627281 4
37.816093 -99.683815 4
37.865955 -99.657326 4
37.842999 -99.65979 4
37.909588 -99.626785 4
37.8722 -99.63179 4
37.87817 -99.595718 4
37.851456 -99.663734 4
37.856285 -99.604553 4
37.890419 -99.650604 4
37.908291 -99.618912 4
37.882393 -99.635742 4
37.892086 -99.645805 4
37.852943 -99.655388 4
37.865967 -99.669121 4
37.90942 -99.640793 4
37.867661 -99.591995 4
37.889816 -99.659645 4
37.852283 -99.650246 4
37.830475 -99.682884 4
37.845963 -99.714523 4
37.844887 -99.700943 4
37.878757 -99.669846 4
37.83094 -99.660034 4
37.859222 -99.622437 4
37.859325 -99.636589 4
37.878269 -99.586159 4
37.879059 -99.664444 4
37.830708 -99.687363 4
37.866306 -99.596077 4
37.874332 -99.613434 4
37.889553 -99.593277 4
37.909588 -99.635857 4
37.858234 -99.69191 4
37.846016 -99.640953 4
37.896721 -99.632126 4
37.848984 -99.682671 4
37.860142 -99.641167 4
37.870941 -99.645523 4
37.816071 -99.689034 4
37.856976 -99.696358 4
37.830463 -99.692047 4
37.889233 -99.614532 4
37.90731 -99.59153 4
37.890316 -99.673134 4
37.889702 -99.668724 4
37.858681 -99.617821 4
37.890003 -99.654648 4
37.842823 -99.655151 4
37.890011 -99.618881 4
37.845249 -99.695908 4
37.850559 -99.67807 4
37.908703 -99.609268 4
37.815819 -99.679276 4
37.816738 -99.674911 4
37.816147 -99.67083 4
37.893585 -99.640953 4
37.881393 -99.640717 4
37.90963 -99.631157 4
37.832218 -99.701935 4
37.879055 -99.659355 4
37.871021 -99.640877 4
37.892254 -99.577492 4
37.828934 -99.664497 4
37.85957 -99.686943 4
37.852329 -99.659714 4
37.892605 -99.583359 4
37.908035 -99.577286 4
37.830158 -99.678154 4
37.871613 -99.636169 4
37.850574 -99.667992 4
37.833782 -99.705811 4
37.846157 -99.631706 4
37.889675 -99.663986 4
37.889664 -99.609528 4
37.8592 -99.632034 4
37.889233 -99.602524 4
37.831188 -99.654747 4
37.907833 -99.581772 4
37.82864 -99.673492 4
37.907219 -99.596092 4
37.847385 -99.68644 4
37.846199 -99.636459 4
37.874207 -99.609009 4
37.846436 -99.613876 4
37.846161 -99.609177 4
37.846096 -99.705742 4
37.892319 -99.572136 4
37.865986 -99.664825 4
37.84634 -99.690742 4
37.865913 -99.673439 4
37.84573 -99.618752 4
37.879025 -99.655273 4
