37.495796 -99.935722 1
37.484108 -99.991562 1
37.506557 -99.968254 1
37.506374 -99.973152 1
37.493908 -99.994995 1
37.483635 -99.949242 1
37.494682 -99.999641 1
37.492725 -99.931297 1
37.467636 -99.893112 1
37.494431 -99.949547 1
37.505859 -99.936371 1
37.506767 -99.963364 1
37.494755 -99.967827 1
37.494431 -100.009491 1
37.483135 -99.995674 1
37.46769 -99.885765 1
37.505833 -99.931572 1
37.494541 -100.013672 1
37.49527 -99.945099 1
37.495106 -99.981636 1
37.494457 -99.958656 1
37.458378 -99.908325 1
37.458096 -99.903992 1
37.506065 -99.94101 1
37.468826 -99.971695 1
37.464062 -99.922043 1
37.493763 -99.972115 1
37.494526 -99.963676 1
37.464088 -99.949493 1
37.506351 -99.977509 1
37.468094 -99.965408 1
37.506008 -99.926712 1
37.506138 -99.981636 1
37.491318 -99.910446 1
37.505566 -99.957123 1
37.495071 -99.986122 1
37.506729 -99.986511 1
37.481823 -99.941063 1
37.482376 -99.957268 1
37.494404 -100.004852 1
37.506218 -99.951202 1
37.473625 -99.957542 1
37.496265 -99.976715 1
37.494919 -99.940269 1
37.464607 -99.935486 1
37.464203 -99.944916 1
37.482315 -99.96788 1
37.494019 -99.926682 1
37.505924 -99.946236 1
37.494495 -99.954124 1
37.493996 -99.990509 1
37.49762 -99.908554 1
37.482235 -99.972466 1
37.494209 -99.921951 1
37.361137 -99.914146 2
37.391613 -99.934273 2
37.361652 -99.932907 2
37.375332 -99.877556 2
37.361805 -99.937622 2
37.357521 -99.909126 2
37.395527 -99.858002 2
37.378273 -99.93705 2
37.376453 -99.81752 2
37.377644 -99.89122 2
37.352383 -99.912315 2
37.375942 -99.873001 2
37.401855 -99.864639 2
37.406227 -99.856171 2
37.357132 -99.82869 2
37.37822 -99.886803 2
37.409084 -99.852379 2
37.34634 -99.938644 2
37.398552 -99.849731 2
37.391666 -99.905701 2
37.385075 -99.863708 2
37.376652 -99.926529 2
37.376072 -99.917358 2
37.359932 -99.869629 2
37.389641 -99.895988 2
37.344048 -99.935158 2
37.367123 -99.909462 2
37.370487 -99.913139 2
37.366367 -99.9048 2
37.390369 -99.930267 2
37.392216 -99.915802 2
37.361084 -99.842186 2
37.395073 -99.839928 2
37.348522 -99.89444 2
37.398502 -99.845123 2
37.343952 -99.819611 2
37.345974 -99.921265 2
37.334244 -99.942093 2
37.333488 -99.898766 2
37.363796 -99.884773 2
37.389523 -99.874718 2
37.345428 -99.930626 2
37.374832 -99.840828 2
37.375141 -99.84549 2
37.378349 -99.942497 2
37.376141 -99.854294 2
37.378952 -99.902527 2
37.375072 -99.849815 2
37.391716 -99.938606 2
37.342339 -99.925797 2
37.359642 -99.831909 2
37.377697 -99.822838 2
37.389519 -99.879768 2
37.37476 -99.836166 2
37.361298 -99.923035 2
37.375797 -99.863564 2
37.386852 -99.882813 2
37.335953 -99.952515 2
37.398312 -99.837357 2
37.334412 -99.937492 2
37.375763 -99.858963 2
37.398861 -99.861198 2
37.347008 -99.898567 2
37.333706 -99.890617 2
37.361206 -99.89489 2
37.36171 -99.889595 2
37.376152 -99.932053 2
37.376888 -99.831848 2
37.361378 -99.928284 2
37.391911 -99.892426 2
37.360153 -99.860641 2
37.399574 -99.880356 2
37.375835 -99.868118 2
37.376648 -99.826942 2
37.361244 -99.851105 2
37.37608 -99.921974 2
37.377956 -99.882462 2
37.402046 -99.872643 2
37.385105 -99.868553 2
37.364803 -99.874321 2
37.361233 -99.855881 2
37.335068 -99.894699 2
37.361107 -99.899475 2
37.362194 -99.918579 2
37.391731 -99.910782 2
37.361103 -99.846542 2
37.377541 -99.896797 2
37.348106 -99.82206 2
37.344269 -99.942383 2
37.395416 -99.853508 2
37.359123 -99.865089 2
37.345959 -99.816162 2
37.390724 -99.920334 2
37.347004 -99.90313 2
37.398346 -99.831909 2
37.391933 -99.924706 2
37.335659 -99.94857 2
37.350613 -99.916389 2
37.37598 -100.008644 2
37.38036 -100.043999 2
37.378571 -100.021416 2
37.379372 -100.035126 2
37.376972 -99.993622 2
37.347519 -99.963142 2
37.363132 -100.053795 2
37.359127 -100.081703 2
37.377357 -99.955864 2
37.378754 -100.030556 2
37.346516 -99.988785 2
37.389969 -99.975601 2
37.363205 -100.06749 2
37.380306 -100.039452 2
37.348743 -100.025291 2
37.333111 -100.028122 2
37.348709 -100.033798 2
37.37849 -100.016891 2
37.379379 -100.0625 2
37.37793 -100.075996 2
37.381073 -100.053589 2
37.378014 -100.085091 2
37.362961 -99.965942 2
37.363705 -100.012604 2
37.377518 -99.960175 2
37.391823 -99.985504 2
37.363445 -100.022606 2
37.36311 -99.974983 2
37.349632 -99.979767 2
37.347477 -99.971642 2
37.391754 -99.947823 2
37.376732 -99.974014 2
37.377106 -99.946762 2
37.362103 -99.952309 2
37.348026 -99.951126 2
37.36422 -100.031837 2
37.376644 -99.969437 2
37.347569 -99.967415 2
37.360641 -100.089745 2
37.377132 -99.983246 2
37.376785 -99.978561 2
37.359478 -100.077461 2
37.362221 -99.956665 2
37.361961 -99.94751 2
37.378841 -100.057793 2
37.363327 -100.071808 2
37.37706 -99.998154 2
37.363522 -100.040794 2
37.360844 -100.085518 2
37.330532 -100.036247 2
37.36311 -100.062996 2
37.390141 -99.970787 2
37.364819 -100.003609 2
37.346466 -99.998085 2
37.349358 -100.020889 2
37.338219 -100.021225 2
37.36412 -100.027222 2
37.34708 -100.029091 2
37.378731 -100.004517 2
37.326954 -100.040367 2
37.363369 -100.036003 2
37.36319 -99.984497 2
37.393642 -99.966743 2
37.378094 -100.089691 2
37.36351 -99.993851 2
37.392445 -99.980484 2
37.364937 -100.008034 2
37.377972 -100.080589 2
37.376614 -99.964905 2
37.347446 -100.016434 2
37.377193 -99.951317 2
37.378666 -100.026016 2
37.36348 -100.04509 2
37.362232 -99.979378 2
37.362938 -99.97049 2
37.347309 -99.955589 2
37.39357 -99.962181 2
37.347332 -99.946693 2
37.346722 -99.983925 2
37.38084 -100.067024 2
37.365299 -99.989403 2
37.378357 -100.012329 2
37.391644 -99.956932 2
37.363052 -100.058411 2
37.381237 -100.048943 2
37.363583 -99.99823 2
37.377174 -99.988419 2
37.346539 -99.993591 2
37.349831 -99.958878 2
37.348438 -100.0037 2
37.33707 -100.025543 2
37.391136 -99.952522 2
37.348629 -99.9757 2
37.362343 -99.961159 2
37.347374 -100.011696 2
37.363754 -100.016945 2
37.363163 -100.049393 2
37.379013 -100.071594 2
37.350349 -100.007072 2
37.333374 -100.032547 2
37.407154 -99.975563 3
37.440845 -99.967621 3
37.405212 -99.929611 3
37.429501 -99.989265 3
37.425869 -100.049805 3
37.427471 -100.044159 3
37.406334 -99.935211 3
37.419643 -99.981171 3
37.411552 -100.030968 3
37.418652 -99.986237 3
37.406662 -99.95668 3
37.393276 -100.05513 3
37.426735 -99.999893 3
37.406746 -100.000244 3
37.410313 -99.914536 3
37.40517 -99.924248 3
37.406563 -99.988541 3
37.414368 -100.043877 3
37.392654 -100.023804 3
37.427387 -99.994492 3
37.392471 -100.077866 3
37.405201 -99.98188 3
37.424301 -100.057755 3
37.410801 -100.024513 3
37.415443 -100.049744 3
37.423203 -100.063271 3
37.426426 -100.025948 3
37.443985 -99.909592 2
37.427414 -99.975677 3
37.407276 -100.058372 3
37.434948 -99.92627 2
37.412243 -100.005196 3
37.426022 -100.038536 3
37.410252 -100.019432 3
37.408283 -99.919846 3
37.417194 -100.079178 3
37.440605 -99.973145 3
37.440212 -99.948669 3
37.438358 -99.962639 3
37.426769 -100.005653 3
37.446609 -99.920578 2
37.406818 -100.086044 3
37.44696 -99.914612 2
37.406399 -99.941109 3
37.440163 -99.942787 2
37.426437 -99.969559 3
37.436672 -99.938995 3
37.446808 -99.926125 2
37.393452 -100.067368 3
37.396217 -100.086021 3
37.407948 -100.09697 2
37.40736 -99.994698 3
37.406956 -99.968361 3
37.404972 -99.946053 3
37.439289 -99.896912 2
37.407986 -100.068954 3
37.435169 -99.933128 2
37.421124 -100.068695 3
37.405888 -99.951202 3
37.409245 -100.063377 3
37.443768 -99.901352 2
37.406494 -100.074715 3
37.406166 -99.962456 3
37.406944 -100.080589 3
37.419121 -100.073898 3
37.391773 -100.072586 3
37.434227 -99.920067 2
37.395893 -100.019241 3
37.426796 -100.011826 3
37.415611 -100.036865 2
37.412518 -100.01207 3
37.393925 -100.049591 3
37.425816 -100.031487 3
37.394085 -100.061485 3
37.859295 -100.306992 4
37.879593 -100.27169 4
37.858494 -100.316093 4
37.879696 -100.298492 4
37.864094 -100.234993 4
37.860195 -100.311295 4
37.850193 -100.256294 4
37.879795 -100.32209 4
37.879593 -100.261993 4
37.893394 -100.270691 4
37.879795 -100.326294 4
37.893494 -100.284492 4
37.880394 -100.23349 4
37.893295 -100.26609 4
37.863792 -100.280289 4
37.864594 -100.266594 4
37.848194 -100.28849 4
37.893394 -100.279892 4
37.891895 -100.302788 4
37.848194 -100.307991 4
37.879593 -100.280388 4
37.850395 -100.259789 4
37.879593 -100.293991 4
37.864262 -100.230484 4
37.891693 -100.233391 4
37.849594 -100.272392 4
37.879894 -100.316589 4
37.848095 -100.292488 4
37.848194 -100.303787 4
37.893494 -100.238892 4
37.891693 -100.229195 4
37.879593 -100.289391 4
37.862595 -100.289093 4
37.893192 -100.252289 4
37.893093 -100.247688 4
37.879593 -100.251289 4
37.879696 -100.303192 4
37.864796 -100.253792 4
37.864796 -100.284988 4
37.879593 -100.276291 4
37.878193 -100.237793 4
37.892994 -100.293594 4
37.849792 -100.251991 4
37.859592 -100.297691 4
37.864594 -100.249092 4
37.879295 -100.242188 4
37.879494 -100.246788 4
37.893394 -100.275291 4
37.849895 -100.24749 4
37.863693 -100.271194 4
37.879696 -100.307793 4
37.892895 -100.243889 4
37.859295 -100.302391 4
37.863792 -100.275688 4
37.848694 -100.280594 4
37.864395 -100.244392 4
37.893593 -100.289093 4
37.891895 -100.298187 4
37.880394 -100.312187 4
37.879494 -100.26709 4
37.860695 -100.293289 4
37.864796 -100.257889 4
37.849693 -100.276794 4
37.863995 -100.239693 4
37.879894 -100.229195 4
37.847492 -100.284592 4
37.893192 -100.256889 4
37.879593 -100.284889 4
37.879593 -100.257393 4
37.893192 -100.26149 4
37.864494 -100.262093 4
37.848495 -100.29879 4
37.927494 -100.398788 4
37.935894 -100.343292 4
37.886696 -100.371887 4
37.882893 -100.424789 4
37.950092 -100.328995 4
37.867294 -100.422493 4
37.872593 -100.389191 4
37.886192 -100.376488 4
37.901295 -100.371689 4
37.872692 -100.403091 4
37.869595 -100.413391 4
37.901493 -100.38559 4
37.902794 -100.394394 4
37.927193 -100.379791 4
37.935894 -100.352188 4
37.901894 -100.408295 4
37.936893 -100.32959 4
37.937294 -100.324989 4
37.872593 -100.398491 4
37.850693 -100.426689 4
37.850895 -100.403389 4
37.886494 -100.385689 4
37.938393 -100.333389 4
37.886093 -100.381088 4
37.850895 -100.398788 4
37.927494 -100.394188 4
37.927193 -100.375191 4
37.869095 -100.418289 4
37.951294 -100.324593 4
37.865295 -100.42659 4
37.850895 -100.394188 4
37.952393 -100.32029 4
37.901196 -100.367088 4
37.901493 -100.38089 4
37.850796 -100.421989 4
37.882893 -100.419693 4
37.850796 -100.412689 4
37.886696 -100.367393 4
37.927193 -100.384392 4
37.901394 -100.376289 4
37.952694 -100.315392 4
37.902493 -100.398788 4
37.872593 -100.38459 4
37.872795 -100.408493 4
37.927193 -100.363991 4
37.850796 -100.417389 4
37.927193 -100.36879 4
37.872593 -100.39389 4
37.902294 -100.389992 4
37.883293 -100.414688 4
37.902294 -100.403191 4
37.850895 -100.408089 4
37.937492 -100.320595 4
37.927193 -100.389389 4
37.935593 -100.347794 4
37.886494 -100.390488 4
37.934994 -100.357292 4
37.604492 -100.248795 4
37.612995 -100.292191 4
37.619595 -100.309288 4
37.603394 -100.309288 4
37.599396 -100.22509 4
37.630592 -100.259995 4
37.603294 -100.327988 4
37.619495 -100.321793 4
37.630695 -100.298393 5
37.604893 -100.235992 4
37.611595 -100.218887 4
37.604492 -100.255295 4
37.612995 -100.298492 4
37.614494 -100.284889 4
37.601093 -100.285294 4
37.599396 -100.231888 4
37.630493 -100.253693 4
37.600693 -100.218193 4
37.600895 -100.298187 4
37.614494 -100.272392 4
37.630592 -100.26619 4
37.603294 -100.321793 4
37.600292 -100.278488 4
37.614494 -100.278694 4
37.612995 -100.304688 4
37.604492 -100.261589 4
37.604492 -100.267792 4
37.611694 -100.231392 4
37.619495 -100.327988 4
37.630695 -100.278694 5
37.630695 -100.284889 5
37.619495 -100.31559 4
37.614395 -100.26619 4
37.630592 -100.272392 4
37.603294 -100.33429 4
37.611694 -100.225189 4
37.600292 -100.272293 4
37.600994 -100.291992 4
37.619392 -100.33429 4
37.604893 -100.242188 4
37.603294 -100.31559 4
37.630695 -100.291092 5
37.619392 -100.340591 4
37.613293 -100.376389 6
37.613396 -100.369293 6
37.586452 -100.404251 6
37.613194 -100.406288 6
37.598892 -100.365791 6
37.613495 -100.372787 6
37.585293 -100.383987 6
37.613194 -100.39859 6
37.598694 -100.354691 6
37.592293 -100.382294 6
37.634293 -100.40049 6
37.577671 -100.413155 6
37.598892 -100.372894 6
37.592293 -100.376488 6
37.642296 -100.403992 6
37.592319 -100.385887 6
37.634396 -100.382195 6
37.641594 -100.385689 6
37.592293 -100.372993 6
37.598892 -100.362289 6
37.620594 -100.38929 6
37.648895 -100.394493 6
37.577694 -100.40229 6
37.598892 -100.374687 6
37.592293 -100.371193 6
37.586494 -100.398788 6
37.598892 -100.376488 6
37.642494 -100.369194 6
37.620594 -100.39109 6
37.620693 -100.387489 6
37.641594 -100.396393 6
37.641693 -100.382195 6
37.620594 -100.414787 6
37.592396 -100.369392 6
37.577717 -100.392937 6
37.577694 -100.398788 6
37.613194 -100.409393 6
37.648895 -100.389191 6
37.586494 -100.40229 6
37.613293 -100.36219 6
37.586491 -100.411217 6
37.634293 -100.398689 6
37.642296 -100.400391 6
37.586494 -100.412994 6
37.592396 -100.36409 6
37.577694 -100.407692 6
37.586494 -100.409393 6
37.613293 -100.374588 6
37.586494 -100.407593 6
37.605293 -100.347893 6
37.605293 -100.346092 6
37.592293 -100.378288 6
37.620792 -100.356293 6
37.642494 -100.367393 6
37.649094 -100.368889 6
37.577705 -100.394745 6
37.642494 -100.370995 6
37.634396 -100.387489 6
37.642395 -100.361992 6
37.585293 -100.380493 6
37.613495 -100.365692 6
37.620693 -100.411194 6
37.620594 -100.359894 6
37.592396 -100.367592 6
37.612892 -100.351089 6
37.585293 -100.39109 6
37.634281 -100.396408 6
37.586494 -100.40049 6
37.577694 -100.405891 6
37.648994 -100.362091 6
37.634396 -100.383987 6
37.613194 -100.383987 6
37.577694 -100.385895 6
37.649014 -100.370674 6
37.577694 -100.384094 6
37.598892 -100.363991 6
37.641693 -100.387489 6
37.613251 -100.412949 6
37.585293 -100.396492 6
37.585293 -100.392891 6
37.634396 -100.380394 6
37.598694 -100.356491 6
37.577694 -100.396492 6
37.613194 -100.380394 6
37.613293 -100.356392 6
37.592293 -100.387589 6
37.598892 -100.369392 6
37.605293 -100.351395 6
37.641693 -100.383987 6
37.605293 -100.349594 6
37.598713 -100.347115 6
37.642494 -100.372688 6
37.641594 -100.394592 6
37.577694 -100.382294 6
37.585293 -100.394691 6
37.612995 -100.345688 6
37.586452 -100.414856 6
37.577694 -100.389389 6
37.613396 -100.414787 6
37.620594 -100.392792 6
37.613293 -100.382195 6
37.648895 -100.392792 6
37.612995 -100.349289 6
37.620594 -100.352791 6
37.634293 -100.392891 6
37.592293 -100.380493 6
37.620693 -100.40229 6
37.634293 -100.39109 6
37.620495 -100.398788 6
37.592293 -100.374794 6
37.620495 -100.40049 6
37.642494 -100.376289 6
37.577694 -100.400589 6
37.620594 -100.358093 6
37.592396 -100.362289 6
37.634293 -100.38929 6
37.577694 -100.39119 6
37.620693 -100.385689 6
37.613396 -100.371094 6
37.613293 -100.354591 6
37.620495 -100.394592 6
37.577591 -100.409477 6
37.592396 -100.365791 6
37.598713 -100.348938 6
37.598694 -100.360092 6
37.592293 -100.384094 6
37.585293 -100.382195 6
37.585293 -100.385788 6
37.620495 -100.412994 6
37.613293 -100.358192 6
37.642296 -100.405693 6
37.634293 -100.394691 6
37.577694 -100.380493 6
37.577591 -100.411255 6
37.620693 -100.405891 6
37.598713 -100.350677 6
37.620693 -100.404091 6
37.598633 -100.352417 6
37.585293 -100.389389 6
37.612877 -100.347481 6
37.642296 -100.402191 6
37.613495 -100.367493 6
37.641594 -100.38929 6
37.586494 -100.405792 6
37.620693 -100.409393 6
37.598892 -100.367592 6
37.577694 -100.404091 6
37.598892 -100.378288 6
37.577694 -100.387589 6
37.613194 -100.411194 6
37.613194 -100.400391 6
37.620594 -100.396393 6
37.641594 -100.392792 6
37.613293 -100.352791 6
37.642296 -100.39859 6
37.641594 -100.39109 6
37.605293 -100.344292 6
37.613293 -100.359894 6
37.613293 -100.378189 6
37.620792 -100.354492 6
37.585293 -100.387589 6
37.634281 -100.385841 6
37.648895 -100.390991 6
37.598694 -100.358292 6
37.634293 -100.402191 6
37.648895 -100.38739 6
37.613293 -100.363991 6
37.642395 -100.363792 6
37.598892 -100.371094 6
37.620693 -100.407692 6
37.520695 -99.483192 7
37.496895 -99.421593 7
37.535892 -99.444588 7
37.496593 -99.47419 7
37.498196 -99.461891 7
37.495693 -99.415894 7
37.535393 -99.464691 7
37.496494 -99.418694 7
37.535393 -99.461494 7
37.509094 -99.41539 7
37.507996 -99.434792 7
37.507996 -99.42469 7
37.532894 -99.480293 7
37.509094 -99.418694 7
37.515995 -99.456192 7
37.535694 -99.441193 7
37.496994 -99.441689 7
37.545094 -99.44149 7
37.496796 -99.428093 7
37.522995 -99.468193 7
37.545193 -99.438194 7
37.545193 -99.434891 7
37.510693 -99.477089 7
37.520695 -99.486488 7
37.545094 -99.44529 7
37.515495 -99.449493 7
37.535393 -99.431694 7
37.496994 -99.454788 7
37.520794 -99.479889 7
37.523994 -99.464394 7
37.495693 -99.412888 7
37.507996 -99.428192 7
37.497093 -99.448288 7
37.497093 -99.444992 7
37.533092 -99.47699 7
37.510693 -99.473793 7
37.537895 -99.424393 7
37.510693 -99.46759 7
37.535294 -99.47229 7
37.509693 -99.486893 7
37.523792 -99.460793 7
37.516094 -99.446487 7
37.522194 -99.471291 7
37.509693 -99.480392 7
37.496796 -99.424789 7
37.497093 -99.437988 7
37.497093 -99.434692 7
37.509693 -99.483589 7
37.510693 -99.470688 7
37.535294 -99.438591 7
37.515392 -99.452888 7
37.507996 -99.431488 7
37.496593 -99.470894 7
37.497093 -99.451591 7
37.509693 -99.489693 7
37.520794 -99.476593 7
37.537895 -99.421188 7
37.498196 -99.458588 7
37.507496 -99.437988 7
37.535393 -99.434792 7
37.497593 -99.431389 7
37.495693 -99.408791 7
37.515694 -99.443192 7
37.496593 -99.46769 7
37.535393 -99.468391 7
37.865395 -99.834991 7
37.873093 -99.803192 7
37.824696 -99.88459 7
37.865395 -99.810089 7
37.836693 -99.830589 7
37.827595 -99.875793 7
37.849594 -99.883392 7
37.812893 -99.840591 7
37.833492 -99.82399 7
37.862793 -99.842995 7
37.851494 -99.868591 7
37.838696 -99.879494 7
37.820694 -99.853294 7
37.873795 -99.819695 7
37.879295 -99.792191 7
37.829693 -99.866493 7
37.815895 -99.885391 7
37.853695 -99.83799 7
37.824593 -99.841393 7
37.801895 -99.885292 7
37.861595 -99.852692 7
37.842793 -99.872787 7
37.879894 -99.823891 7
37.839092 -99.842888 7
37.801792 -99.880188 7
37.824593 -99.881187 7
37.882496 -99.800293 7
37.837795 -99.846893 7
37.809093 -99.876289 7
37.867195 -99.824493 7
37.867393 -99.856094 7
37.827194 -99.816292 7
37.816395 -99.877388 7
37.808994 -99.860992 7
37.814495 -99.835594 7
37.856693 -99.819588 7
37.875393 -99.812187 7
37.816692 -99.846992 7
37.871895 -99.859589 7
37.839092 -99.865791 7
37.851593 -99.805191 7
37.848995 -99.888695 7
37.808994 -99.871391 7
37.866093 -99.815491 7
37.809193 -99.882393 7
37.853596 -99.830894 7
37.850094 -99.79509 7
37.824493 -99.83049 7
37.880592 -99.80529 7
37.830994 -99.859093 7
37.817196 -99.872093 7
37.865295 -99.800392 7
37.866795 -99.828392 7
37.834393 -99.852592 7
37.809296 -99.853188 7
37.849495 -99.824188 7
37.832993 -99.805794 7
37.809193 -99.866989 7
37.828594 -99.87059 7
37.850494 -99.872787 7
37.819294 -99.858292 7
37.815292 -99.86409 7
37.858093 -99.847588 7
