37.865395 -99.834991 6
37.873093 -99.803192 6
37.824696 -99.88459 6
37.865395 -99.810089 6
37.836693 -99.830589 6
37.827595 -99.875793 6
37.849594 -99.883392 6
37.812893 -99.840591 6
37.833492 -99.82399 6
37.862793 -99.842995 6
37.851494 -99.868591 6
37.838696 -99.879494 6
37.820694 -99.853294 6
37.873795 -99.819695 6
37.879295 -99.792191 6
37.829693 -99.866493 6
37.815895 -99.885391 6
37.853695 -99.83799 6
37.824593 -99.841393 6
37.801895 -99.885292 6
37.861595 -99.852692 6
37.842793 -99.872787 6
37.879894 -99.823891 6
37.839092 -99.842888 6
37.801792 -99.880188 6
37.824593 -99.881187 6
37.882496 -99.800293 6
37.837795 -99.846893 6
37.809093 -99.876289 6
37.867195 -99.824493 6
37.867393 -99.856094 6
37.827194 -99.816292 6
37.816395 -99.877388 6
37.808994 -99.860992 6
37.814495 -99.835594 6
37.856693 -99.819588 6
37.875393 -99.812187 6
37.816692 -99.846992 6
37.871895 -99.859589 6
37.839092 -99.865791 6
37.851593 -99.805191 6
37.848995 -99.888695 6
37.808994 -99.871391 6
37.866093 -99.815491 6
37.809193 -99.882393 6
37.853596 -99.830894 6
37.850094 -99.79509 6
37.824493 -99.83049 6
37.880592 -99.80529 6
37.830994 -99.859093 6
37.817196 -99.872093 6
37.865295 -99.800392 6
37.866795 -99.828392 6
37.834393 -99.852592 6
37.809296 -99.853188 6
37.849495 -99.824188 6
37.832993 -99.805794 6
37.809193 -99.866989 6
37.828594 -99.87059 6
37.850494 -99.872787 6
37.819294 -99.858292 6
37.815292 -99.86409 6
37.858093 -99.847588 6
