35.325596 -102.540894 6
35.276794 -102.444893 3
35.311695 -102.500488 3
35.269493 -102.42379 3
35.318092 -102.446793 6
35.333492 -102.507492 6
35.299393 -102.515694 3
35.332394 -102.504494 6
35.314793 -102.51049 3
35.316093 -102.440994 6
35.307171 -102.416084 6
35.319195 -102.449692 6
35.286896 -102.480293 3
35.291893 -102.494591 3
35.300392 -102.396889 6
35.313694 -102.507195 3
35.308167 -102.418915 6
35.312492 -102.503891 3
35.336914 -102.490234 6
35.301895 -102.52269 3
35.324593 -102.537788 6
35.311493 -102.428192 6
35.310295 -102.424789 6
35.289394 -102.487389 3
35.290695 -102.49099 3
35.309189 -102.421799 6
35.335793 -102.48719 6
35.280396 -102.454994 3
35.317093 -102.443893 6
35.271996 -102.431389 3
35.333694 -102.481094 6
35.288193 -102.483788 3
35.300694 -102.519188 6
35.293293 -102.498291 3
35.303593 -102.40609 6
35.301495 -102.399994 6
35.334595 -102.51059 6
35.331486 -102.474953 6
35.298195 -102.512192 3
35.317696 -102.518593 3
35.303192 -102.526192 3
35.284294 -102.47319 3
35.323494 -102.53479 6
35.337994 -102.493294 6
35.269196 -102.420189 3
35.299294 -102.39389 6
35.304695 -102.409187 6
35.320053 -102.525169 3
35.279095 -102.451591 3
35.321194 -102.528389 3
35.277992 -102.448189 3
35.270794 -102.428093 3
35.274395 -102.438194 3
35.318893 -102.521889 3
35.295692 -102.505188 3
35.296993 -102.50869 3
35.294495 -102.501793 3
35.315094 -102.438194 6
35.332596 -102.478088 6
35.315994 -102.513695 3
35.312794 -102.431793 6
35.305794 -102.412193 6
35.285595 -102.476692 3
35.322292 -102.531693 6
35.339085 -102.496353 6
35.326694 -102.543991 6
35.314095 -102.435287 6
35.302494 -102.403091 6
35.334793 -102.484192 6
35.275593 -102.44149 3
