39
80.0 107.0 0.13 2.4
4.0 0.87 158
4.5 0.84 235
5.0 0.81 330
5.5 0.8 448
6.0 0.79 583
6.5 0.79 737
7.0 0.79 906
7.5 0.78 1108
8.0 0.77 1314
8.5 0.74 1521
9.0 0.7 1719
9.5 0.65 1884
10.0 0.59 2039
10.5 0.52 2161
11.0 0.46 2256
11.5 0.4 2329
12.0 0.35 2375
12.5 0.31 2400
13.0 0.27 2400
13.5 0.24 2400
14.0 0.21 2400
14.5 0.19 2400
15.0 0.17 2400
15.5 0.15 2400
16.0 0.14 2400
16.5 0.13 2400
17.0 0.12 2400
17.5 0.11 2400
18.0 0.1 2400
18.5 0.09 2400
19.0 0.08 2400
19.5 0.08 2400
20.0 0.07 2400
20.5 0.07 2400
21.0 0.06 2400
21.5 0.06 2400
22.0 0.06 2400
22.5 0.05 2400
23.0 0.05 2400
